#序号,经度,纬度,航向角(度)
#bridge_5B-6B
1,110.64741549,35.60589857,179.80
2,110.64741642,35.60568374,179.88
#bridge_6A-7bA
3,110.64741690,35.60550265,180.14
4,110.64741624,35.60528620,0.00
#bridge_7bA-7A
5,110.64741624,35.60528620,89.85
6,110.64776001,35.60528695,179.63
#bridge_8B-9A
7,110.64776029,35.60525247,179.87
8,110.64776099,35.60500043,179.73
#bridge_10A-11B
9,110.64776183,35.60485292,179.63
10,110.64776265,35.60475014,179.90
#bridge_11A-12B
11,110.64776313,35.60452750,179.55
12,110.64776416,35.60442191,224.70
#south_12
13,110.64776306,35.60442101,269.83
14,110.64727117,35.60441980,179.83
15,110.64727121,35.60440898,89.83
16,110.64776310,35.60441019,179.83
17,110.64776314,35.60439937,269.83
18,110.64727125,35.60439816,179.83
19,110.64727129,35.60438734,89.83
20,110.64776318,35.60438855,179.83
21,110.64776322,35.60437773,269.83
22,110.64727133,35.60437652,179.83
23,110.64727137,35.60436570,89.83
24,110.64776326,35.60436691,179.83
25,110.64776330,35.60435609,269.83
26,110.64727141,35.60435488,179.83
27,110.64727145,35.60434406,89.83
28,110.64776334,35.60434527,179.83
29,110.64776338,35.60433445,269.83
30,110.64727149,35.60433324,179.83
31,110.64727153,35.60432242,89.83
32,110.64776342,35.60432363,179.83
33,110.64776346,35.60431281,269.83
34,110.64727157,35.60431160,179.83
35,110.64727161,35.60430078,89.83
36,110.64776350,35.60430199,179.83
37,110.64776353,35.60429363,269.83
38,110.64727164,35.60429243,89.83
39,110.64776353,35.60429363,134.95
#bridge_12-13b
40,110.64776464,35.60429273,179.99
41,110.64776464,35.60426222,269.79
#south_13_long_block
42,110.64727432,35.60426072,179.84
43,110.64727477,35.60413368,89.84
44,110.64728802,35.60413371,359.84
45,110.64728757,35.60426075,89.84
46,110.64730082,35.60426078,179.84
47,110.64730126,35.60413374,89.84
48,110.64731451,35.60413377,359.84
49,110.64731407,35.60426082,89.84
50,110.64732732,35.60426085,179.84
51,110.64732776,35.60413380,89.84
52,110.64734101,35.60413384,359.84
53,110.64734056,35.60426088,89.84
54,110.64735381,35.60426091,179.84
55,110.64735426,35.60413387,89.84
56,110.64736751,35.60413390,359.84
57,110.64736706,35.60426094,89.84
58,110.64738031,35.60426097,179.84
59,110.64738075,35.60413393,89.84
60,110.64739400,35.60413396,359.84
61,110.64739356,35.60426100,89.84
62,110.64740681,35.60426103,179.84
63,110.64740725,35.60413399,89.84
64,110.64742050,35.60413402,359.84
65,110.64742005,35.60426106,92.10
#south_13
66,110.64743026,35.60426076,89.88
67,110.64776354,35.60426131,179.88
68,110.64776357,35.60425049,269.88
69,110.64743028,35.60424994,179.88
70,110.64743031,35.60423912,89.88
71,110.64776360,35.60423967,179.88
72,110.64776362,35.60422886,269.88
73,110.64743034,35.60422830,179.88
74,110.64743036,35.60421748,89.88
75,110.64776365,35.60421804,179.88
76,110.64776368,35.60420722,269.88
77,110.64743039,35.60420666,179.88
78,110.64743042,35.60419584,89.88
79,110.64776370,35.60419640,179.88
80,110.64776373,35.60418558,269.88
81,110.64743044,35.60418502,179.88
82,110.64743047,35.60417420,89.88
83,110.64776376,35.60417476,179.88
84,110.64776379,35.60416394,269.88
85,110.64743050,35.60416338,179.88
86,110.64743052,35.60415424,89.88
87,110.64776381,35.60415480,179.72
#south_14
88,110.64776448,35.60404311,269.57
89,110.64727239,35.60404009,179.57
90,110.64727249,35.60402927,89.57
91,110.64776458,35.60403229,179.57
92,110.64776468,35.60402147,269.57
93,110.64727259,35.60401845,179.57
94,110.64727269,35.60400763,89.57
95,110.64776478,35.60401065,179.57
96,110.64776488,35.60399983,269.57
97,110.64727279,35.60399681,179.57
98,110.64727289,35.60398599,89.57
99,110.64776497,35.60398901,179.57
100,110.64776507,35.60397819,269.57
101,110.64727299,35.60397517,179.57
102,110.64727309,35.60396435,89.57
103,110.64776517,35.60396737,179.57
104,110.64776527,35.60395655,269.57
105,110.64727319,35.60395353,179.57
106,110.64727329,35.60394271,89.57
107,110.64776537,35.60394574,179.57
108,110.64776547,35.60393492,269.57
109,110.64727338,35.60393189,179.57
110,110.64727348,35.60392108,89.57
111,110.64776557,35.60392410,179.57
112,110.64776567,35.60391328,269.57
113,110.64727358,35.60391026,179.57
114,110.64727368,35.60389944,89.57
115,110.64776577,35.60390246,179.57
116,110.64776587,35.60389164,269.57
117,110.64727378,35.60388862,179.57
118,110.64727388,35.60387780,89.57
119,110.64776597,35.60388082,179.57
120,110.64776607,35.60387000,269.57
121,110.64727398,35.60386698,179.57
122,110.64727404,35.60386088,89.57
123,110.64776613,35.60386390,134.69
#bridge_14-15b
124,110.64776724,35.60386301,180.61
125,110.64776678,35.60382802,269.77
#south_15_long_block
126,110.64727619,35.60382641,179.92
127,110.64727640,35.60369922,89.92
128,110.64728965,35.60369924,359.92
129,110.64728944,35.60382642,89.92
130,110.64730269,35.60382644,179.92
131,110.64730290,35.60369925,89.92
132,110.64731614,35.60369927,359.92
133,110.64731594,35.60382645,89.92
134,110.64732919,35.60382647,179.92
135,110.64732939,35.60369928,89.92
136,110.64734264,35.60369930,359.92
137,110.64734243,35.60382648,89.92
138,110.64735568,35.60382649,179.92
139,110.64735589,35.60369931,89.92
140,110.64736914,35.60369932,359.92
141,110.64736893,35.60382651,89.92
142,110.64738218,35.60382652,179.92
143,110.64738238,35.60369934,89.92
144,110.64739563,35.60369935,359.92
145,110.64739543,35.60382654,89.92
146,110.64740868,35.60382655,179.92
147,110.64740888,35.60369937,89.92
148,110.64742213,35.60369938,359.92
149,110.64742192,35.60382657,90.12
#south_15
150,110.64743225,35.60382655,89.88
151,110.64776568,35.60382712,179.88
152,110.64776571,35.60381630,269.88
153,110.64743228,35.60381573,179.88
154,110.64743231,35.60380491,89.88
155,110.64776574,35.60380548,179.88
156,110.64776576,35.60379466,269.88
157,110.64743234,35.60379409,179.88
158,110.64743237,35.60378327,89.88
159,110.64776579,35.60378384,179.88
160,110.64776582,35.60377302,269.88
161,110.64743239,35.60377245,179.88
162,110.64743242,35.60376163,89.88
163,110.64776585,35.60376220,179.88
164,110.64776587,35.60375138,269.88
165,110.64743245,35.60375081,179.88
166,110.64743248,35.60373999,89.88
167,110.64776590,35.60374056,179.88
168,110.64776593,35.60372974,269.88
169,110.64743250,35.60372917,179.88
170,110.64743253,35.60372008,89.88
171,110.64776595,35.60372065,179.77
#south_16
172,110.64776651,35.60360774,269.83
173,110.64727412,35.60360657,179.83
174,110.64727416,35.60359575,89.83
175,110.64776655,35.60359692,179.83
176,110.64776659,35.60358610,269.83
177,110.64727420,35.60358493,179.83
178,110.64727424,35.60357411,89.83
179,110.64776662,35.60357528,179.83
180,110.64776666,35.60356446,269.83
181,110.64727427,35.60356329,179.83
182,110.64727431,35.60355247,89.83
183,110.64776670,35.60355364,179.83
184,110.64776674,35.60354282,269.83
185,110.64727435,35.60354165,179.83
186,110.64727439,35.60353083,89.83
187,110.64776678,35.60353200,179.83
188,110.64776682,35.60352118,269.83
189,110.64727443,35.60352001,179.83
190,110.64727447,35.60350919,89.83
191,110.64776686,35.60351036,179.83
192,110.64776689,35.60349954,269.83
193,110.64727451,35.60349837,179.83
194,110.64727454,35.60348755,89.83
195,110.64776693,35.60348872,179.83
196,110.64776697,35.60347790,269.83
197,110.64727458,35.60347673,179.83
198,110.64727461,35.60346882,89.83
199,110.64776700,35.60346999,180.22
#south_17
200,110.64776688,35.60344413,269.66
201,110.64727488,35.60344178,179.67
202,110.64727495,35.60343096,89.66
203,110.64776695,35.60343331,179.67
204,110.64776703,35.60342249,269.66
205,110.64727503,35.60342014,179.67
206,110.64727511,35.60340933,89.66
207,110.64776711,35.60341167,179.67
208,110.64776719,35.60340086,269.66
209,110.64727519,35.60339851,179.67
210,110.64727526,35.60338769,89.66
211,110.64776726,35.60339004,179.67
212,110.64776734,35.60337922,269.66
213,110.64727534,35.60337687,179.67
214,110.64727542,35.60336605,89.66
215,110.64776742,35.60336840,179.67
216,110.64776750,35.60335758,269.66
217,110.64727550,35.60335523,179.67
218,110.64727557,35.60334441,89.66
219,110.64776757,35.60334676,179.67
220,110.64776765,35.60333594,269.66
221,110.64727565,35.60333359,179.67
222,110.64727573,35.60332277,89.66
223,110.64776773,35.60332512,179.67
224,110.64776781,35.60331430,269.66
225,110.64727581,35.60331195,179.67
226,110.64727586,35.60330443,89.66
227,110.64776786,35.60330678,0.04
#back_17B-16A
228,110.64776797,35.60344504,0.25
229,110.64776811,35.60346909,359.83
#back_16B-15A
230,110.64776761,35.60360864,359.77
231,110.64776706,35.60371975,359.88
#back_15B-14A
232,110.64776678,35.60382802,0.61
233,110.64776724,35.60386301,359.57
#back_14B-13A
234,110.64776557,35.60404402,359.72
235,110.64776491,35.60415390,359.88
#back_13B-12A
236,110.64776464,35.60426222,359.99
237,110.64776464,35.60429273,359.83
#back_12B-11A
238,110.64776416,35.60442191,359.55
239,110.64776313,35.60452750,359.90
#back_11B-10A
240,110.64776265,35.60475014,359.63
241,110.64776183,35.60485292,359.73
#back_9A-8B
242,110.64776099,35.60500043,359.87
243,110.64776029,35.60525247,359.63
#back_7A-7bA
244,110.64776001,35.60528695,269.85
245,110.64741624,35.60528620,0.00
#back_7bA-6A
246,110.64741624,35.60528620,0.14
247,110.64741690,35.60550265,359.88
#back_6B-5A
248,110.64741642,35.60568374,359.97
249,110.64741640,35.60571754,359.77
#back_5B-4A
250,110.64741549,35.60589857,0.21
251,110.64741564,35.60593336,0.21
