#序号,经度,纬度,航向角(度)
#bridge_5B-6B
1,110.64741549,35.60589857,179.80
2,110.64741642,35.60568374,179.88
#bridge_6A-7bA
3,110.64741690,35.60550265,180.14
4,110.64741624,35.60528620,0.00
#bridge_7bA-7A
5,110.64741624,35.60528620,89.85
6,110.64776001,35.60528695,179.63
#bridge_8B-9A
7,110.64776029,35.60525247,179.87
8,110.64776099,35.60500043,179.73
#bridge_10A-11B
9,110.64776183,35.60485292,179.63
10,110.64776265,35.60475014,179.90
#bridge_11A-12B
11,110.64776313,35.60452750,179.55
12,110.64776416,35.60442191,179.83
#bridge_12A-13B
13,110.64776464,35.60429273,179.99
14,110.64776464,35.60426222,179.88
#bridge_13A-14B
15,110.64776491,35.60415390,179.72
16,110.64776557,35.60404402,179.57
#bridge_14A-15B
17,110.64776724,35.60386301,180.61
18,110.64776678,35.60382802,179.88
#bridge_15A-16B
19,110.64776706,35.60371975,179.77
20,110.64776761,35.60360864,179.83
#bridge_16A-17B
21,110.64776811,35.60346909,180.25
22,110.64776797,35.60344504,179.67
#bridge_17A-18B
23,110.64776897,35.60330588,178.46
24,110.64777027,35.60326632,270.31
#south_18_long_block
25,110.64727857,35.60326850,179.86
26,110.64727879,35.60319315,89.86
27,110.64729204,35.60319318,359.86
28,110.64729182,35.60326852,89.86
29,110.64730507,35.60326855,179.86
30,110.64730529,35.60319321,89.86
31,110.64731854,35.60319323,359.86
32,110.64731831,35.60326858,89.86
33,110.64733156,35.60326860,179.86
34,110.64733179,35.60319326,89.86
35,110.64734504,35.60319329,359.86
36,110.64734481,35.60326863,89.86
37,110.64735806,35.60326866,179.86
38,110.64735828,35.60319331,89.86
39,110.64737153,35.60319334,359.86
40,110.64737131,35.60326868,89.86
41,110.64738456,35.60326871,179.86
42,110.64738478,35.60319337,89.86
43,110.64739803,35.60319339,359.86
44,110.64739780,35.60326874,89.86
45,110.64741105,35.60326876,179.86
46,110.64741128,35.60319342,89.86
47,110.64742452,35.60319344,359.86
48,110.64742430,35.60326879,90.69
#south_18
49,110.64776915,35.60326543,270.83
50,110.64743435,35.60326937,180.82
51,110.64743416,35.60325855,90.83
52,110.64776896,35.60325461,180.82
53,110.64776877,35.60324379,270.83
54,110.64743397,35.60324774,180.82
55,110.64743378,35.60323692,90.83
56,110.64776858,35.60323297,180.82
57,110.64776839,35.60322216,270.83
58,110.64743359,35.60322610,180.82
59,110.64743340,35.60321528,90.83
60,110.64776820,35.60321134,180.82
61,110.64776808,35.60320461,270.83
62,110.64743328,35.60320856,90.83
63,110.64776808,35.60320461,135.95
#bridge_18-19b
64,110.64776917,35.60320370,179.83
65,110.64777038,35.60286840,270.09
#south_19_long_block
66,110.64725988,35.60286903,0.39
67,110.64726193,35.60311470,90.39
68,110.64726879,35.60311466,180.39
69,110.64726674,35.60286899,90.39
70,110.64727999,35.60286892,0.39
71,110.64728204,35.60311459,90.39
72,110.64729529,35.60311451,180.39
73,110.64729324,35.60286884,90.39
74,110.64730649,35.60286877,0.39
75,110.64730853,35.60311444,90.39
76,110.64732178,35.60311436,180.39
77,110.64731974,35.60286870,90.39
78,110.64733298,35.60286862,0.39
79,110.64733503,35.60311429,90.39
80,110.64734828,35.60311422,180.39
81,110.64734623,35.60286855,90.39
82,110.64735948,35.60286848,0.39
83,110.64736152,35.60311414,90.39
84,110.64737477,35.60311407,180.39
85,110.64737273,35.60286840,90.39
86,110.64738597,35.60286833,0.39
87,110.64738802,35.60311400,90.39
88,110.64740127,35.60311392,180.39
89,110.64739922,35.60286826,90.39
90,110.64741247,35.60286818,0.39
91,110.64741452,35.60311385,90.39
92,110.64742776,35.60311378,180.39
93,110.64742572,35.60286811,85.01
#south_19
94,110.64743276,35.60286861,89.86
95,110.64776927,35.60286929,359.86
96,110.64776926,35.60287311,269.86
97,110.64743275,35.60287243,359.86
98,110.64743272,35.60288325,89.86
99,110.64776922,35.60288393,359.86
100,110.64776919,35.60289475,269.86
101,110.64743268,35.60289407,359.86
102,110.64743265,35.60290489,89.86
103,110.64776916,35.60290557,359.86
104,110.64776913,35.60291639,269.86
105,110.64743262,35.60291571,359.86
106,110.64743258,35.60292652,89.86
107,110.64776909,35.60292721,359.86
108,110.64776906,35.60293803,269.86
109,110.64743255,35.60293734,359.86
110,110.64743252,35.60294816,89.86
111,110.64776903,35.60294885,359.86
112,110.64776899,35.60295967,269.86
113,110.64743249,35.60295898,359.86
114,110.64743245,35.60296980,89.86
115,110.64776896,35.60297049,359.86
116,110.64776893,35.60298131,269.86
117,110.64743242,35.60298062,359.86
118,110.64743239,35.60299144,89.86
119,110.64776889,35.60299213,359.86
120,110.64776886,35.60300295,269.86
121,110.64743235,35.60300226,359.86
122,110.64743232,35.60301308,89.86
123,110.64776883,35.60301377,359.86
124,110.64776879,35.60302459,269.86
125,110.64743229,35.60302390,359.86
126,110.64743225,35.60303472,89.86
127,110.64776876,35.60303541,359.86
128,110.64776873,35.60304623,269.86
129,110.64743222,35.60304554,359.86
130,110.64743219,35.60305636,89.86
131,110.64776870,35.60305705,359.86
132,110.64776866,35.60306787,269.86
133,110.64743215,35.60306718,359.86
134,110.64743212,35.60307800,89.86
135,110.64776863,35.60307869,359.86
136,110.64776860,35.60308951,269.86
137,110.64743209,35.60308882,359.86
138,110.64743205,35.60309964,89.86
139,110.64776856,35.60310033,269.86
140,110.64743205,35.60309964,89.67
#bridge_19-20b
141,110.64776966,35.60310123,179.78
142,110.64777090,35.60283616,269.59
#south_20_long_block
143,110.64728036,35.60283334,179.68
144,110.64728160,35.60265403,89.67
145,110.64729485,35.60265409,359.68
146,110.64729361,35.60283340,89.67
147,110.64730686,35.60283346,179.68
148,110.64730810,35.60265415,89.67
149,110.64732134,35.60265421,359.68
150,110.64732010,35.60283352,89.67
151,110.64733335,35.60283359,179.68
152,110.64733459,35.60265427,89.67
153,110.64734784,35.60265433,359.68
154,110.64734660,35.60283365,89.67
155,110.64735985,35.60283371,179.68
156,110.64736109,35.60265439,89.68
157,110.64737434,35.60265445,359.68
158,110.64737310,35.60283377,89.68
159,110.64738634,35.60283383,179.68
160,110.64738758,35.60265451,89.68
161,110.64740083,35.60265458,359.68
162,110.64739959,35.60283389,89.68
163,110.64741284,35.60283395,179.68
164,110.64741408,35.60265464,89.68
165,110.64742733,35.60265470,359.68
166,110.64742609,35.60283401,88.24
#south_20
167,110.64743614,35.60283426,89.79
168,110.64776980,35.60283526,179.79
169,110.64776985,35.60282444,269.79
170,110.64743619,35.60282344,179.79
171,110.64743624,35.60281262,89.79
172,110.64776990,35.60281362,179.79
173,110.64776995,35.60280280,269.79
174,110.64743629,35.60280181,179.79
175,110.64743634,35.60279099,89.79
176,110.64777000,35.60279198,179.79
177,110.64777004,35.60278116,269.79
178,110.64743638,35.60278017,179.79
179,110.64743643,35.60276935,89.79
180,110.64777009,35.60277034,179.79
181,110.64777014,35.60275952,269.79
182,110.64743648,35.60275853,179.79
183,110.64743653,35.60274771,89.79
184,110.64777019,35.60274870,179.79
185,110.64777024,35.60273788,269.79
186,110.64743658,35.60273689,179.79
187,110.64743663,35.60272607,89.79
188,110.64777029,35.60272706,179.79
189,110.64777033,35.60271624,269.79
190,110.64743667,35.60271525,179.79
191,110.64743672,35.60270443,89.79
192,110.64777038,35.60270542,179.79
193,110.64777043,35.60269460,269.79
194,110.64743677,35.60269361,179.79
195,110.64743682,35.60268279,89.79
196,110.64777048,35.60268378,179.79
197,110.64777053,35.60267296,269.79
198,110.64743687,35.60267197,179.79
199,110.64743690,35.60266557,89.79
200,110.64777055,35.60266656,134.92
#bridge_20-21b
201,110.64777166,35.60266566,179.82
202,110.64777254,35.60244104,269.89
#south_21_long_block
203,110.64728150,35.60244029,359.68
204,110.64728063,35.60256749,89.68
205,110.64729387,35.60256755,179.68
206,110.64729474,35.60244035,89.68
207,110.64730799,35.60244041,359.68
208,110.64730712,35.60256761,89.68
209,110.64732037,35.60256767,179.68
210,110.64732124,35.60244047,89.68
211,110.64733449,35.60244053,359.68
212,110.64733362,35.60256773,89.68
213,110.64734687,35.60256779,179.68
214,110.64734773,35.60244059,89.68
215,110.64736098,35.60244065,359.68
216,110.64736011,35.60256785,89.68
217,110.64737336,35.60256791,179.68
218,110.64737423,35.60244071,89.68
219,110.64738748,35.60244077,359.68
220,110.64738661,35.60256797,89.68
221,110.64739986,35.60256803,179.68
222,110.64740073,35.60244083,89.68
223,110.64741397,35.60244089,359.68
224,110.64741310,35.60256809,89.68
225,110.64742635,35.60256815,179.68
226,110.64742722,35.60244095,85.39
#south_21
227,110.64743710,35.60244160,89.93
228,110.64777143,35.60244194,359.93
229,110.64777142,35.60245080,269.93
230,110.64743709,35.60245045,359.93
231,110.64743707,35.60246127,89.93
232,110.64777140,35.60246162,359.93
233,110.64777138,35.60247244,269.93
234,110.64743706,35.60247209,359.93
235,110.64743704,35.60248291,89.93
236,110.64777137,35.60248326,359.93
237,110.64777135,35.60249408,269.93
238,110.64743702,35.60249373,359.93
239,110.64743701,35.60250455,89.93
240,110.64777133,35.60250490,359.93
241,110.64777132,35.60251572,269.93
242,110.64743699,35.60251537,359.93
243,110.64743697,35.60252619,89.93
244,110.64777130,35.60252654,359.93
245,110.64777128,35.60253736,269.93
246,110.64743696,35.60253701,359.93
247,110.64743694,35.60254783,89.93
248,110.64777127,35.60254818,359.93
249,110.64777125,35.60255899,269.93
250,110.64743692,35.60255865,89.93
251,110.64777125,35.60255899,44.80
#bridge_21-22b
252,110.64777235,35.60255990,179.77
253,110.64777310,35.60240849,269.52
#south_22_long_block
254,110.64728186,35.60240517,179.66
255,110.64728279,35.60227779,89.66
256,110.64729604,35.60227785,359.66
257,110.64729511,35.60240523,89.66
258,110.64730836,35.60240530,179.66
259,110.64730928,35.60227792,89.66
260,110.64732253,35.60227798,359.66
261,110.64732160,35.60240536,89.66
262,110.64733485,35.60240543,179.66
263,110.64733578,35.60227805,89.66
264,110.64734903,35.60227811,359.66
265,110.64734810,35.60240549,89.66
266,110.64736135,35.60240555,179.66
267,110.64736228,35.60227818,89.66
268,110.64737552,35.60227824,359.66
269,110.64737460,35.60240562,89.66
270,110.64738784,35.60240568,179.66
271,110.64738877,35.60227830,89.66
272,110.64740202,35.60227837,359.66
273,110.64740109,35.60240575,89.66
274,110.64741434,35.60240581,179.66
275,110.64741527,35.60227843,89.66
276,110.64742852,35.60227850,359.66
277,110.64742759,35.60240588,80.80
#south_22
278,110.64743784,35.60240723,89.92
279,110.64777200,35.60240759,179.93
280,110.64777201,35.60239677,269.92
281,110.64743786,35.60239641,179.92
282,110.64743788,35.60238559,89.92
283,110.64777203,35.60238595,179.93
284,110.64777205,35.60237513,269.92
285,110.64743790,35.60237477,179.92
286,110.64743791,35.60236395,89.92
287,110.64777207,35.60236431,179.93
288,110.64777208,35.60235349,269.92
289,110.64743793,35.60235313,179.92
290,110.64743795,35.60234231,89.92
291,110.64777210,35.60234267,179.93
292,110.64777212,35.60233185,269.92
293,110.64743797,35.60233149,179.92
294,110.64743798,35.60232067,89.92
295,110.64777213,35.60232103,179.93
296,110.64777215,35.60231021,269.92
297,110.64743800,35.60230985,179.92
298,110.64743802,35.60229903,89.92
299,110.64777217,35.60229939,179.93
300,110.64777218,35.60229022,269.92
301,110.64743803,35.60228986,89.92
302,110.64777218,35.60229022,135.05
#bridge_22-23b
303,110.64777329,35.60228932,179.65
304,110.64777458,35.60211783,270.06
#south_23_small_block
305,110.64727091,35.60211823,270.27
306,110.64720169,35.60211850,0.27
307,110.64720175,35.60212932,90.27
308,110.64727097,35.60212905,147.24
#south_23
309,110.64728126,35.60211606,89.58
310,110.64777346,35.60211896,359.59
311,110.64777337,35.60212978,269.58
312,110.64728116,35.60212688,359.59
313,110.64728107,35.60213770,89.58
314,110.64777327,35.60214060,359.59
315,110.64777318,35.60215142,269.58
316,110.64728097,35.60214851,359.59
317,110.64728087,35.60215933,89.58
318,110.64777308,35.60216224,359.59
319,110.64777298,35.60217306,269.58
320,110.64728078,35.60217015,359.59
321,110.64728068,35.60218097,89.58
322,110.64777289,35.60218388,44.46
#bridge_23-24b
323,110.64777398,35.60218478,179.83
324,110.64777436,35.60207956,224.38
#south_24
325,110.64777326,35.60207865,269.51
326,110.64720163,35.60207469,179.52
327,110.64720174,35.60206387,89.51
328,110.64777338,35.60206783,179.52
329,110.64777349,35.60205701,269.51
330,110.64720185,35.60205306,179.52
331,110.64720196,35.60204224,89.51
332,110.64777360,35.60204619,179.52
333,110.64777371,35.60203537,269.51
334,110.64720207,35.60203142,179.52
335,110.64720219,35.60202060,89.51
336,110.64777383,35.60202456,179.52
337,110.64777394,35.60201374,269.51
338,110.64720230,35.60200978,179.52
339,110.64720241,35.60199896,89.51
340,110.64777405,35.60200292,179.52
341,110.64777416,35.60199210,269.51
342,110.64720252,35.60198814,179.52
343,110.64720264,35.60197732,89.51
344,110.64777427,35.60198128,179.52
345,110.64777439,35.60197046,269.51
346,110.64720275,35.60196650,179.52
347,110.64720286,35.60195568,89.51
348,110.64777450,35.60195964,179.52
349,110.64777461,35.60194882,269.51
350,110.64720297,35.60194486,179.52
351,110.64720309,35.60193404,89.51
352,110.64777472,35.60193800,179.52
353,110.64777480,35.60193057,269.51
354,110.64720316,35.60192661,89.51
355,110.64777480,35.60193057,359.86
#back_24B-23A
356,110.64777436,35.60207956,0.27
357,110.64777458,35.60211783,359.59
#back_23B-22A
358,110.64777398,35.60218478,359.69
359,110.64777329,35.60228932,359.93
#back_22B-21A
360,110.64777310,35.60240849,359.19
361,110.64777254,35.60244104,359.93
#back_21B-20A
362,110.64777235,35.60255990,359.70
363,110.64777166,35.60266566,359.79
#back_20B-19A
364,110.64777090,35.60283616,359.24
365,110.64777038,35.60286840,359.86
#back_19B-18A
366,110.64776966,35.60310123,359.77
367,110.64776917,35.60320370,0.82
#back_18B-17A
368,110.64777027,35.60326632,358.46
369,110.64776897,35.60330588,359.67
#back_17B-16A
370,110.64776797,35.60344504,0.25
371,110.64776811,35.60346909,359.83
#back_16B-15A
372,110.64776761,35.60360864,359.77
373,110.64776706,35.60371975,359.88
#back_15B-14A
374,110.64776678,35.60382802,0.61
375,110.64776724,35.60386301,359.57
#back_14B-13A
376,110.64776557,35.60404402,359.72
377,110.64776491,35.60415390,359.88
#back_13B-12A
378,110.64776464,35.60426222,359.99
379,110.64776464,35.60429273,359.83
#back_12B-11A
380,110.64776416,35.60442191,359.55
381,110.64776313,35.60452750,359.90
#back_11B-10A
382,110.64776265,35.60475014,359.63
383,110.64776183,35.60485292,359.73
#back_9A-8B
384,110.64776099,35.60500043,359.87
385,110.64776029,35.60525247,359.63
#back_7A-7bA
386,110.64776001,35.60528695,269.85
387,110.64741624,35.60528620,0.00
#back_7bA-6A
388,110.64741624,35.60528620,0.14
389,110.64741690,35.60550265,359.88
#back_6B-5A
390,110.64741642,35.60568374,359.97
391,110.64741640,35.60571754,359.77
#back_5B-4A
392,110.64741549,35.60589857,0.21
393,110.64741564,35.60593336,0.21
