#序号,经度,纬度,航向角(度)
#bridge_4B-3A
1,110.64741483,35.60611439,359.77
2,110.64741464,35.60615249,359.75
#bridge_3B-2A
3,110.64741367,35.60633307,359.77
4,110.64741349,35.60636792,359.85
#bridge_2B-1A
5,110.64741292,35.60654856,359.82
6,110.64741278,35.60658503,0.00
#bridge_1A-1C
7,110.64741278,35.60658503,325.66
8,110.64726117,35.60676543,120.92
#south_1
9,110.64726228,35.60676489,90.07
10,110.64741193,35.60676475,180.07
11,110.64741192,35.60675393,270.07
12,110.64726226,35.60675407,180.07
13,110.64726225,35.60674325,90.07
14,110.64741190,35.60674311,180.07
15,110.64741189,35.60673229,270.07
16,110.64726223,35.60673243,180.07
17,110.64726222,35.60672161,90.07
18,110.64741187,35.60672147,180.07
19,110.64741186,35.60671065,270.07
20,110.64726220,35.60671080,180.07
21,110.64726218,35.60669998,90.07
22,110.64741184,35.60669983,180.07
23,110.64741183,35.60668901,270.07
24,110.64726217,35.60668916,180.07
25,110.64726215,35.60667834,90.07
26,110.64741181,35.60667819,180.07
27,110.64741180,35.60666738,270.07
28,110.64726214,35.60666752,180.07
29,110.64726212,35.60665670,90.07
30,110.64741178,35.60665656,180.07
31,110.64741177,35.60664574,270.07
32,110.64726211,35.60664588,180.07
33,110.64726209,35.60663506,90.07
34,110.64741175,35.60663492,180.07
35,110.64741173,35.60662410,270.07
36,110.64726208,35.60662424,180.07
37,110.64726206,35.60661342,90.07
38,110.64741172,35.60661328,180.07
39,110.64741170,35.60660246,270.07
40,110.64726205,35.60660260,180.07
41,110.64726203,35.60659178,90.07
42,110.64741169,35.60659164,180.07
43,110.64741168,35.60658593,270.07
44,110.64726202,35.60658608,90.07
45,110.64741168,35.60658593,179.83
#south_2
46,110.64741182,35.60654766,269.85
47,110.64726254,35.60654734,179.85
48,110.64726258,35.60653652,89.85
49,110.64741186,35.60653684,179.85
50,110.64741189,35.60652602,269.85
51,110.64726261,35.60652570,179.85
52,110.64726265,35.60651488,89.85
53,110.64741193,35.60651520,179.85
54,110.64741196,35.60650438,269.85
55,110.64726268,35.60650406,179.85
56,110.64726271,35.60649325,89.85
57,110.64741199,35.60649356,179.85
58,110.64741203,35.60648274,269.85
59,110.64726275,35.60648243,179.85
60,110.64726278,35.60647161,89.85
61,110.64741206,35.60647192,179.85
62,110.64741210,35.60646110,269.85
63,110.64726282,35.60646079,179.85
64,110.64726285,35.60644997,89.85
65,110.64741213,35.60645028,179.85
66,110.64741216,35.60643946,269.85
67,110.64726288,35.60643915,179.85
68,110.64726292,35.60642833,89.85
69,110.64741220,35.60642864,179.85
70,110.64741223,35.60641782,269.85
71,110.64726295,35.60641751,179.85
72,110.64726299,35.60640669,89.85
73,110.64741227,35.60640700,179.85
74,110.64741230,35.60639618,269.85
75,110.64726302,35.60639587,179.85
76,110.64726305,35.60638505,89.85
77,110.64741233,35.60638536,179.85
78,110.64741237,35.60637454,269.85
79,110.64726309,35.60637423,179.85
80,110.64726311,35.60636850,89.85
81,110.64741239,35.60636882,179.77
#south_3
82,110.64741257,35.60633217,269.75
83,110.64726344,35.60633163,179.75
84,110.64726350,35.60632081,89.75
85,110.64741262,35.60632135,179.75
86,110.64741268,35.60631053,269.75
87,110.64726355,35.60630999,179.75
88,110.64726361,35.60629917,89.75
89,110.64741274,35.60629971,179.75
90,110.64741280,35.60628889,269.75
91,110.64726367,35.60628835,179.75
92,110.64726373,35.60627753,89.75
93,110.64741286,35.60627807,179.75
94,110.64741292,35.60626725,269.75
95,110.64726379,35.60626671,179.75
96,110.64726385,35.60625589,89.75
97,110.64741297,35.60625643,179.75
98,110.64741303,35.60624561,269.75
99,110.64726390,35.60624507,179.75
100,110.64726396,35.60623425,89.75
101,110.64741309,35.60623479,179.75
102,110.64741315,35.60622397,269.75
103,110.64726402,35.60622344,179.75
104,110.64726408,35.60621262,89.75
105,110.64741321,35.60621315,179.75
106,110.64741326,35.60620233,269.75
107,110.64726414,35.60620180,179.75
108,110.64726420,35.60619098,89.75
109,110.64741332,35.60619151,179.75
110,110.64741338,35.60618069,269.75
111,110.64726425,35.60618016,179.75
112,110.64726431,35.60616934,89.75
113,110.64741344,35.60616987,179.75
114,110.64741350,35.60615905,269.75
115,110.64726437,35.60615852,179.75
116,110.64726440,35.60615286,89.75
117,110.64741353,35.60615339,179.77
#south_4
118,110.64741373,35.60611349,269.79
119,110.64726492,35.60611304,179.79
120,110.64726496,35.60610222,89.79
121,110.64741378,35.60610267,179.79
122,110.64741383,35.60609185,269.79
123,110.64726501,35.60609140,179.79
124,110.64726506,35.60608058,89.79
125,110.64741387,35.60608103,179.79
126,110.64741392,35.60607021,269.79
127,110.64726511,35.60606976,179.79
128,110.64726516,35.60605894,89.79
129,110.64741397,35.60605939,179.79
130,110.64741402,35.60604857,269.79
131,110.64726521,35.60604812,179.79
132,110.64726526,35.60603730,89.79
133,110.64741407,35.60603775,179.79
134,110.64741412,35.60602693,269.79
135,110.64726531,35.60602648,179.79
136,110.64726536,35.60601566,89.79
137,110.64741417,35.60601611,179.79
138,110.64741422,35.60600529,269.79
139,110.64726540,35.60600484,179.79
140,110.64726545,35.60599402,89.79
141,110.64741426,35.60599447,179.79
142,110.64741431,35.60598365,269.79
143,110.64726550,35.60598320,179.79
144,110.64726555,35.60597239,89.79
145,110.64741436,35.60597283,179.79
146,110.64741441,35.60596201,269.79
147,110.64726560,35.60596157,179.79
148,110.64726565,35.60595075,89.79
149,110.64741446,35.60595119,179.79
150,110.64741451,35.60594037,269.79
151,110.64726570,35.60593993,179.79
152,110.64726573,35.60593381,89.79
153,110.64741454,35.60593425,180.19
#south_5
154,110.64741439,35.60589766,269.76
155,110.64726511,35.60589716,179.77
156,110.64726516,35.60588634,89.76
157,110.64741444,35.60588684,179.77
158,110.64741450,35.60587602,269.76
159,110.64726522,35.60587552,179.77
160,110.64726527,35.60586470,89.76
161,110.64741455,35.60586520,179.77
162,110.64741461,35.60585438,269.76
163,110.64726533,35.60585388,179.77
164,110.64726538,35.60584307,89.76
165,110.64741466,35.60584356,179.77
166,110.64741472,35.60583274,269.76
167,110.64726543,35.60583225,179.77
168,110.64726549,35.60582143,89.76
169,110.64741477,35.60582192,179.77
170,110.64741482,35.60581111,269.76
171,110.64726554,35.60581061,179.77
172,110.64726560,35.60579979,89.76
173,110.64741488,35.60580029,179.77
174,110.64741493,35.60578947,269.76
175,110.64726565,35.60578897,179.77
176,110.64726570,35.60577815,89.76
177,110.64741499,35.60577865,179.77
178,110.64741504,35.60576783,269.76
179,110.64726576,35.60576733,179.77
180,110.64726581,35.60575651,89.76
181,110.64741510,35.60575701,179.77
182,110.64741515,35.60574619,269.76
183,110.64726587,35.60574569,179.77
184,110.64726592,35.60573487,89.76
185,110.64741520,35.60573537,179.77
186,110.64741526,35.60572455,269.76
187,110.64726598,35.60572405,179.77
188,110.64726601,35.60571794,89.76
189,110.64741529,35.60571844,179.96
#south_6
190,110.64741532,35.60568284,269.88
191,110.64726617,35.60568257,179.88
192,110.64726620,35.60567175,89.88
193,110.64741535,35.60567202,179.88
194,110.64741538,35.60566120,269.88
195,110.64726622,35.60566093,179.88
196,110.64726625,35.60565011,89.88
197,110.64741541,35.60565038,179.88
198,110.64741544,35.60563956,269.88
199,110.64726628,35.60563929,179.88
200,110.64726631,35.60562847,89.88
201,110.64741546,35.60562874,179.88
202,110.64741549,35.60561792,269.88
203,110.64726634,35.60561765,179.88
204,110.64726637,35.60560683,89.88
205,110.64741552,35.60560710,179.88
206,110.64741555,35.60559628,269.88
207,110.64726640,35.60559601,179.88
208,110.64726643,35.60558520,89.88
209,110.64741558,35.60558546,179.88
210,110.64741561,35.60557464,269.88
211,110.64726645,35.60557438,179.88
212,110.64726648,35.60556356,89.88
213,110.64741564,35.60556382,179.88
214,110.64741566,35.60555300,269.88
215,110.64726651,35.60555274,179.88
216,110.64726654,35.60554192,89.88
217,110.64741569,35.60554218,179.88
218,110.64741572,35.60553136,269.88
219,110.64726657,35.60553110,179.88
220,110.64726660,35.60552028,89.88
221,110.64741575,35.60552054,179.88
222,110.64741578,35.60550972,269.88
223,110.64726663,35.60550946,179.88
224,110.64726664,35.60550329,89.88
225,110.64741580,35.60550355,182.11
#south_7_long_block
226,110.64741411,35.60546635,269.73
227,110.64726509,35.60546578,179.74
228,110.64726515,35.60545496,89.73
229,110.64741417,35.60545553,179.74
230,110.64741424,35.60544471,269.73
231,110.64726521,35.60544414,179.74
232,110.64726527,35.60543332,89.73
233,110.64741430,35.60543389,179.74
234,110.64741436,35.60542307,269.73
235,110.64726533,35.60542250,179.74
236,110.64726539,35.60541168,89.73
237,110.64741442,35.60541225,179.74
238,110.64741448,35.60540143,269.73
239,110.64726545,35.60540086,179.74
240,110.64726552,35.60539004,89.73
241,110.64741454,35.60539061,179.74
242,110.64741460,35.60537979,269.73
243,110.64726558,35.60537922,179.74
244,110.64726564,35.60536841,89.73
245,110.64741467,35.60536897,179.74
246,110.64741473,35.60535815,269.73
247,110.64726570,35.60535759,179.74
248,110.64726576,35.60534677,89.73
249,110.64741479,35.60534733,179.74
250,110.64741485,35.60533651,269.73
251,110.64726582,35.60533595,179.74
252,110.64726588,35.60532513,89.73
253,110.64741491,35.60532569,179.74
254,110.64741497,35.60531487,269.73
255,110.64726595,35.60531431,179.74
256,110.64726601,35.60530349,89.73
257,110.64741503,35.60530405,179.74
258,110.64741510,35.60529323,269.73
259,110.64726607,35.60529267,179.74
260,110.64726610,35.60528653,89.73
261,110.64741513,35.60528710,3.32
#south_7
262,110.64742498,35.60542527,89.93
263,110.64775871,35.60542559,179.93
264,110.64775873,35.60541477,269.93
265,110.64742499,35.60541445,179.93
266,110.64742501,35.60540363,89.93
267,110.64775874,35.60540395,179.93
268,110.64775876,35.60539313,269.93
269,110.64742502,35.60539281,179.93
270,110.64742504,35.60538199,89.93
271,110.64775878,35.60538231,179.93
272,110.64775879,35.60537149,269.93
273,110.64742506,35.60537117,179.93
274,110.64742507,35.60536035,89.93
275,110.64775881,35.60536067,179.93
276,110.64775882,35.60534985,269.93
277,110.64742509,35.60534953,179.93
278,110.64742510,35.60533871,89.93
279,110.64775884,35.60533903,179.93
280,110.64775885,35.60532821,269.93
281,110.64742512,35.60532789,179.93
282,110.64742513,35.60531707,89.93
283,110.64775887,35.60531739,179.93
284,110.64775888,35.60530657,269.93
285,110.64742515,35.60530625,179.93
286,110.64742516,35.60529543,89.93
287,110.64775890,35.60529575,179.93
288,110.64775891,35.60528785,269.93
289,110.64742517,35.60528754,89.93
290,110.64775891,35.60528785,179.64
#south_8
291,110.64775919,35.60525156,269.81
292,110.64726712,35.60525022,179.81
293,110.64726717,35.60523940,89.81
294,110.64775923,35.60524074,179.81
295,110.64775928,35.60522992,269.81
296,110.64726721,35.60522858,179.81
297,110.64726726,35.60521776,89.81
298,110.64775932,35.60521910,179.81
299,110.64775936,35.60520828,269.81
300,110.64726730,35.60520694,179.81
301,110.64726735,35.60519612,89.81
302,110.64775941,35.60519746,179.81
303,110.64775945,35.60518664,269.81
304,110.64726739,35.60518530,179.81
305,110.64726743,35.60517448,89.81
306,110.64775950,35.60517582,179.81
307,110.64775954,35.60516500,269.81
308,110.64726748,35.60516366,179.81
309,110.64726752,35.60515284,89.81
310,110.64775959,35.60515418,179.81
311,110.64775963,35.60514336,269.81
312,110.64726757,35.60514202,179.81
313,110.64726761,35.60513120,89.81
314,110.64775967,35.60513255,179.81
315,110.64775972,35.60512173,269.81
316,110.64726766,35.60512038,179.81
317,110.64726770,35.60510956,89.81
318,110.64775976,35.60511091,179.81
319,110.64775981,35.60510009,269.81
320,110.64726774,35.60509874,179.81
321,110.64726779,35.60508792,89.81
322,110.64775985,35.60508927,179.81
323,110.64775990,35.60507845,269.81
324,110.64726783,35.60507710,179.81
325,110.64726786,35.60507083,89.81
326,110.64775992,35.60507217,179.85
#south_9
327,110.64776004,35.60503524,270.21
328,110.64726777,35.60503672,180.21
329,110.64726772,35.60502590,90.21
330,110.64775999,35.60502442,180.21
331,110.64775994,35.60501361,270.21
332,110.64726768,35.60501508,180.21
333,110.64726763,35.60500426,90.21
334,110.64775989,35.60500279,159.32
#bridge_9-10b
335,110.64776099,35.60500043,178.44
336,110.64776161,35.60498175,269.88
#south_10_long_block
337,110.64726812,35.60498087,90.15
338,110.64741689,35.60498055,180.15
339,110.64741685,35.60496973,270.15
340,110.64726808,35.60497005,180.15
341,110.64726805,35.60495924,90.15
342,110.64741682,35.60495891,180.15
343,110.64741678,35.60494809,270.15
344,110.64726801,35.60494842,180.15
345,110.64726798,35.60493760,90.15
346,110.64741675,35.60493727,180.15
347,110.64741671,35.60492645,270.15
348,110.64726794,35.60492678,180.15
349,110.64726791,35.60491596,90.15
350,110.64741668,35.60491563,180.15
351,110.64741664,35.60490481,270.15
352,110.64726787,35.60490514,180.15
353,110.64726784,35.60489432,90.15
354,110.64741661,35.60489399,180.15
355,110.64741657,35.60488317,270.15
356,110.64726780,35.60488350,180.15
357,110.64726777,35.60487268,90.15
358,110.64741654,35.60487235,180.15
359,110.64741650,35.60486153,270.15
360,110.64726773,35.60486186,180.15
361,110.64726770,35.60485104,90.15
362,110.64741647,35.60485071,180.15
363,110.64741643,35.60483990,270.15
364,110.64726766,35.60484022,180.15
365,110.64726764,35.60483314,90.15
366,110.64741641,35.60483281,3.56
#south_10
367,110.64742771,35.60498047,89.92
368,110.64776051,35.60498085,179.92
369,110.64776053,35.60497003,269.92
370,110.64742773,35.60496965,179.92
371,110.64742775,35.60495883,89.92
372,110.64776055,35.60495921,179.92
373,110.64776056,35.60494839,269.92
374,110.64742777,35.60494801,179.92
375,110.64742779,35.60493719,89.92
376,110.64776058,35.60493757,179.92
377,110.64776060,35.60492675,269.92
378,110.64742781,35.60492637,179.92
379,110.64742782,35.60491555,89.92
380,110.64776062,35.60491593,179.92
381,110.64776064,35.60490511,269.92
382,110.64742784,35.60490473,179.92
383,110.64742786,35.60489391,89.92
384,110.64776066,35.60489429,179.92
385,110.64776068,35.60488347,269.92
386,110.64742788,35.60488309,179.92
387,110.64742790,35.60487227,89.92
388,110.64776069,35.60487265,179.92
389,110.64776071,35.60486183,269.92
390,110.64742792,35.60486145,179.92
391,110.64742793,35.60485344,89.92
392,110.64776073,35.60485382,0.32
#bridge_10-11b
393,110.64776161,35.60498175,179.79
394,110.64776265,35.60475014,269.63
#south_11_long_block
395,110.64727013,35.60474759,89.90
396,110.64741773,35.60474779,179.90
397,110.64741775,35.60473697,269.90
398,110.64727015,35.60473677,179.90
399,110.64727017,35.60472595,89.90
400,110.64741777,35.60472615,179.90
401,110.64741780,35.60471533,269.90
402,110.64727020,35.60471513,179.90
403,110.64727022,35.60470431,89.90
404,110.64741782,35.60470451,179.90
405,110.64741784,35.60469369,269.90
406,110.64727024,35.60469349,179.90
407,110.64727026,35.60468267,89.90
408,110.64741786,35.60468287,179.90
409,110.64741789,35.60467205,269.90
410,110.64727028,35.60467185,179.90
411,110.64727031,35.60466103,89.90
412,110.64741791,35.60466123,179.90
413,110.64741793,35.60465042,269.90
414,110.64727033,35.60465021,179.90
415,110.64727035,35.60463939,89.90
416,110.64741795,35.60463960,179.90
417,110.64741797,35.60462878,269.90
418,110.64727037,35.60462857,179.90
419,110.64727040,35.60461775,89.90
420,110.64741800,35.60461796,179.90
421,110.64741802,35.60460714,269.90
422,110.64727042,35.60460693,179.90
423,110.64727044,35.60459611,89.90
424,110.64741804,35.60459632,179.90
425,110.64741806,35.60458550,269.90
426,110.64727046,35.60458529,179.90
427,110.64727049,35.60457447,89.90
428,110.64741809,35.60457468,179.90
429,110.64741811,35.60456386,269.90
430,110.64727051,35.60456365,179.90
431,110.64727053,35.60455283,89.90
432,110.64741813,35.60455304,179.90
433,110.64741815,35.60454222,269.90
434,110.64727055,35.60454202,179.90
435,110.64727057,35.60453120,89.90
436,110.64741818,35.60453140,179.90
437,110.64741820,35.60452058,269.90
438,110.64727060,35.60452038,179.90
439,110.64727062,35.60450956,89.90
440,110.64741822,35.60450976,1.90
#south_11
441,110.64742797,35.60474876,89.90
442,110.64776155,35.60474924,179.90
443,110.64776157,35.60473842,269.90
444,110.64742800,35.60473794,179.90
445,110.64742802,35.60472712,89.90
446,110.64776160,35.60472760,179.90
447,110.64776162,35.60471678,269.90
448,110.64742804,35.60471630,179.90
449,110.64742807,35.60470548,89.90
450,110.64776164,35.60470596,179.90
451,110.64776167,35.60469514,269.90
452,110.64742809,35.60469466,179.90
453,110.64742811,35.60468384,89.90
454,110.64776169,35.60468432,179.90
455,110.64776171,35.60467350,269.90
456,110.64742814,35.60467302,179.90
457,110.64742816,35.60466220,89.90
458,110.64776174,35.60466268,179.90
459,110.64776176,35.60465186,269.90
460,110.64742818,35.60465138,179.90
461,110.64742821,35.60464056,89.90
462,110.64776178,35.60464104,179.90
463,110.64776181,35.60463022,269.90
464,110.64742823,35.60462974,179.90
465,110.64742825,35.60461892,89.90
466,110.64776183,35.60461940,179.90
467,110.64776185,35.60460858,269.90
468,110.64742828,35.60460810,179.90
469,110.64742830,35.60459728,89.90
470,110.64776188,35.60459776,179.90
471,110.64776190,35.60458694,269.90
472,110.64742832,35.60458646,179.90
473,110.64742835,35.60457564,89.90
474,110.64776192,35.60457612,179.90
475,110.64776195,35.60456530,269.90
476,110.64742837,35.60456482,179.90
477,110.64742839,35.60455400,89.90
478,110.64776197,35.60455449,179.90
479,110.64776199,35.60454367,269.90
480,110.64742842,35.60454318,179.90
481,110.64742844,35.60453236,89.90
482,110.64776202,35.60453285,179.90
483,110.64776203,35.60452840,269.90
484,110.64742845,35.60452791,89.90
485,110.64776203,35.60452840,0.13
#back_11B-10A
486,110.64776265,35.60475014,359.63
487,110.64776183,35.60485292,359.73
#back_9A-8B
488,110.64776099,35.60500043,359.87
489,110.64776029,35.60525247,359.63
#back_7A-7bA
490,110.64776001,35.60528695,269.85
491,110.64741624,35.60528620,0.00
#back_7bA-6A
492,110.64741624,35.60528620,0.14
493,110.64741690,35.60550265,359.88
#back_6B-5A
494,110.64741642,35.60568374,359.97
495,110.64741640,35.60571754,359.77
#back_5B-4A
496,110.64741549,35.60589857,0.21
497,110.64741564,35.60593336,0.21
