#序号,经度,纬度,航向角(度)
#bridge_5B-6B
1,110.64741549,35.60589857,179.80
2,110.64741642,35.60568374,179.88
#bridge_6A-7bA
3,110.64741690,35.60550265,180.14
4,110.64741624,35.60528620,0.00
#bridge_7bA-7A
5,110.64741624,35.60528620,89.85
6,110.64776001,35.60528695,179.63
#bridge_8B-9A
7,110.64776029,35.60525247,179.87
8,110.64776099,35.60500043,179.73
#bridge_10A-11B
9,110.64776183,35.60485292,179.63
10,110.64776265,35.60475014,179.90
#bridge_11A-12B
11,110.64776313,35.60452750,179.55
12,110.64776416,35.60442191,179.83
#bridge_12A-13B
13,110.64776464,35.60429273,179.99
14,110.64776464,35.60426222,179.88
#bridge_13A-14B
15,110.64776491,35.60415390,179.72
16,110.64776557,35.60404402,179.57
#bridge_14A-15B
17,110.64776724,35.60386301,180.61
18,110.64776678,35.60382802,179.88
#bridge_15A-16B
19,110.64776706,35.60371975,179.77
20,110.64776761,35.60360864,179.83
#bridge_16A-17B
21,110.64776811,35.60346909,180.25
22,110.64776797,35.60344504,179.67
#bridge_17A-18B
23,110.64776897,35.60330588,178.46
24,110.64777027,35.60326632,180.82
#bridge_18A-19B
25,110.64776917,35.60320370,179.77
26,110.64776966,35.60310123,179.86
#bridge_19A-20B
27,110.64777038,35.60286840,179.24
28,110.64777090,35.60283616,179.79
#bridge_20A-21B
29,110.64777166,35.60266566,179.70
30,110.64777235,35.60255990,179.93
#bridge_21A-22B
31,110.64777254,35.60244104,179.19
32,110.64777310,35.60240849,179.93
#bridge_22A-23B
33,110.64777329,35.60228932,179.69
34,110.64777398,35.60218478,179.59
#bridge_23A-24B
35,110.64777458,35.60211783,180.27
36,110.64777436,35.60207956,179.52
#bridge_24A-north24B
37,110.64777591,35.60192968,270.00
38,110.64660984,35.60192962,359.87
#bridge_north24A-north22A
39,110.64660943,35.60207901,359.76
40,110.64660776,35.60240069,359.72
#bridge_north21A-north20B
41,110.64660680,35.60256286,359.57
42,110.64660584,35.60266806,359.99
#bridge_north20A-north19B
43,110.64660580,35.60283869,359.73
44,110.64660561,35.60287015,359.78
#bridge_north19A-north17B
45,110.64660449,35.60310295,359.87
46,110.64660395,35.60330088,359.93
#bridge_north17A-north15B
47,110.64660374,35.60344040,359.76
48,110.64660255,35.60366755,359.86
#bridge_north15A-north14B
49,110.64660206,35.60382761,358.52
50,110.64660097,35.60386202,359.99
#bridge_north14A-north12B
51,110.64660094,35.60404301,359.97
52,110.64660078,35.60429259,359.65
#bridge_north12A-north11B
53,110.64659983,35.60442182,359.86
54,110.64659952,35.60452571,359.69
#bridge_north11A-north10B
55,110.64659802,35.60474805,359.81
56,110.64659707,35.60497767,0.00
#bridge_north10A-north10bA
57,110.64659707,35.60497767,89.66
58,110.64694054,35.60497935,2.69
#north_9
59,110.64694178,35.60500087,90.18
60,110.64709012,35.60500050,0.18
61,110.64709016,35.60501132,270.18
62,110.64694182,35.60501169,0.18
63,110.64694186,35.60502251,90.18
64,110.64709020,35.60502214,0.18
65,110.64709024,35.60503296,270.18
66,110.64694190,35.60503333,359.41
#north_8
67,110.64694142,35.60507122,89.78
68,110.64708965,35.60507168,359.78
69,110.64708960,35.60508250,269.78
70,110.64694137,35.60508204,359.78
71,110.64694132,35.60509286,89.78
72,110.64708955,35.60509332,359.78
73,110.64708950,35.60510414,269.78
74,110.64694127,35.60510368,359.78
75,110.64694122,35.60511450,89.78
76,110.64708945,35.60511496,359.78
77,110.64708940,35.60512578,269.78
78,110.64694117,35.60512532,359.78
79,110.64694112,35.60513614,89.78
80,110.64708935,35.60513660,359.78
81,110.64708930,35.60514742,269.78
82,110.64694107,35.60514696,359.78
83,110.64694102,35.60515778,89.78
84,110.64708925,35.60515824,359.78
85,110.64708920,35.60516906,269.78
86,110.64694097,35.60516860,359.78
87,110.64694092,35.60517942,89.78
88,110.64708915,35.60517988,359.78
89,110.64708910,35.60519070,269.78
90,110.64694087,35.60519024,359.78
91,110.64694082,35.60520106,89.78
92,110.64708905,35.60520152,359.78
93,110.64708900,35.60521234,269.78
94,110.64694077,35.60521188,359.78
95,110.64694072,35.60522270,89.78
96,110.64708895,35.60522315,359.78
97,110.64708890,35.60523397,269.78
98,110.64694067,35.60523352,359.78
99,110.64694062,35.60524434,89.78
100,110.64708885,35.60524479,359.78
101,110.64708882,35.60525066,269.78
102,110.64694059,35.60525020,359.70
#north_7
103,110.64694036,35.60528629,89.81
104,110.64708856,35.60528670,359.81
105,110.64708852,35.60529752,269.81
106,110.64694032,35.60529711,359.81
107,110.64694027,35.60530793,89.81
108,110.64708847,35.60530834,359.81
109,110.64708843,35.60531916,269.81
110,110.64694023,35.60531875,359.81
111,110.64694018,35.60532957,89.81
112,110.64708838,35.60532998,359.81
113,110.64708834,35.60534080,269.81
114,110.64694014,35.60534039,359.81
115,110.64694010,35.60535121,89.81
116,110.64708830,35.60535162,359.81
117,110.64708825,35.60536244,269.81
118,110.64694005,35.60536203,359.81
119,110.64694001,35.60537285,89.81
120,110.64708821,35.60537325,359.81
121,110.64708816,35.60538407,269.81
122,110.64693996,35.60538367,359.81
123,110.64693992,35.60539449,89.81
124,110.64708812,35.60539489,359.81
125,110.64708807,35.60540571,269.81
126,110.64693987,35.60540531,359.81
127,110.64693983,35.60541613,89.81
128,110.64708803,35.60541653,359.81
129,110.64708798,35.60542735,269.81
130,110.64693978,35.60542695,359.81
131,110.64693974,35.60543777,89.81
132,110.64708794,35.60543817,359.81
133,110.64708790,35.60544899,269.81
134,110.64693970,35.60544859,359.81
135,110.64693965,35.60545941,89.81
136,110.64708785,35.60545981,359.81
137,110.64708783,35.60546595,269.81
138,110.64693963,35.60546554,359.89
#north_6
139,110.64693954,35.60550255,89.86
140,110.64708775,35.60550285,359.86
141,110.64708772,35.60551367,269.86
142,110.64693951,35.60551337,359.86
143,110.64693947,35.60552419,89.86
144,110.64708768,35.60552449,359.86
145,110.64708765,35.60553531,269.86
146,110.64693944,35.60553501,359.86
147,110.64693941,35.60554583,89.86
148,110.64708762,35.60554613,359.86
149,110.64708758,35.60555695,269.86
150,110.64693937,35.60555664,359.86
151,110.64693934,35.60556746,89.86
152,110.64708755,35.60556777,359.86
153,110.64708752,35.60557859,269.86
154,110.64693931,35.60557828,359.86
155,110.64693927,35.60558910,89.86
156,110.64708748,35.60558941,359.86
157,110.64708745,35.60560023,269.86
158,110.64693924,35.60559992,359.86
159,110.64693921,35.60561074,89.86
160,110.64708742,35.60561105,359.86
161,110.64708738,35.60562187,269.86
162,110.64693917,35.60562156,359.86
163,110.64693914,35.60563238,89.86
164,110.64708735,35.60563269,359.86
165,110.64708732,35.60564351,269.86
166,110.64693911,35.60564320,359.86
167,110.64693907,35.60565402,89.86
168,110.64708728,35.60565433,359.86
169,110.64708725,35.60566515,269.86
170,110.64693904,35.60566484,359.86
171,110.64693901,35.60567566,89.86
172,110.64708722,35.60567597,359.86
173,110.64708720,35.60568196,269.86
174,110.64693899,35.60568166,359.93
#north_5
175,110.64693893,35.60571969,89.73
176,110.64708721,35.60572025,359.74
177,110.64708715,35.60573107,269.73
178,110.64693887,35.60573051,359.74
179,110.64693881,35.60574133,89.73
180,110.64708709,35.60574189,359.74
181,110.64708703,35.60575271,269.73
182,110.64693875,35.60575215,359.74
183,110.64693868,35.60576297,89.73
184,110.64708697,35.60576353,359.74
185,110.64708690,35.60577435,269.73
186,110.64693862,35.60577379,359.74
187,110.64693856,35.60578461,89.73
188,110.64708684,35.60578517,359.74
189,110.64708678,35.60579599,269.73
190,110.64693850,35.60579543,359.74
191,110.64693844,35.60580625,89.73
192,110.64708672,35.60580681,359.74
193,110.64708666,35.60581763,269.73
194,110.64693838,35.60581707,359.74
195,110.64693832,35.60582789,89.73
196,110.64708660,35.60582845,359.74
197,110.64708654,35.60583927,269.73
198,110.64693825,35.60583871,359.74
199,110.64693819,35.60584953,89.73
200,110.64708647,35.60585009,359.74
201,110.64708641,35.60586091,269.73
202,110.64693813,35.60586035,359.74
203,110.64693807,35.60587117,89.73
204,110.64708635,35.60587173,359.74
205,110.64708629,35.60588255,269.73
206,110.64693801,35.60588199,359.74
207,110.64693795,35.60589281,89.73
208,110.64708623,35.60589337,359.74
209,110.64708620,35.60589920,269.73
210,110.64693791,35.60589864,359.69
#north_4
211,110.64693768,35.60593463,89.75
212,110.64708580,35.60593515,359.76
213,110.64708574,35.60594597,269.75
214,110.64693762,35.60594545,359.76
215,110.64693756,35.60595627,89.75
216,110.64708569,35.60595679,359.76
217,110.64708563,35.60596761,269.75
218,110.64693751,35.60596709,359.76
219,110.64693745,35.60597791,89.75
220,110.64708558,35.60597843,359.76
221,110.64708552,35.60598925,269.75
222,110.64693740,35.60598873,359.76
223,110.64693734,35.60599955,89.75
224,110.64708546,35.60600007,359.76
225,110.64708541,35.60601089,269.75
226,110.64693728,35.60601037,359.76
227,110.64693723,35.60602119,89.75
228,110.64708535,35.60602171,359.76
229,110.64708529,35.60603253,269.75
230,110.64693717,35.60603201,359.76
231,110.64693711,35.60604283,89.75
232,110.64708524,35.60604334,359.76
233,110.64708518,35.60605416,269.75
234,110.64693706,35.60605365,359.76
235,110.64693700,35.60606447,89.75
236,110.64708512,35.60606498,359.76
237,110.64708507,35.60607580,269.75
238,110.64693694,35.60607529,359.76
239,110.64693689,35.60608611,89.75
240,110.64708501,35.60608662,359.76
241,110.64708496,35.60609744,269.75
242,110.64693683,35.60609693,359.76
243,110.64693677,35.60610775,89.75
244,110.64708490,35.60610826,359.76
245,110.64708487,35.60611454,269.75
246,110.64693674,35.60611403,359.55
#north_3
247,110.64693637,35.60615212,90.04
248,110.64708457,35.60615204,0.04
249,110.64708458,35.60616286,270.04
250,110.64693638,35.60616294,0.04
251,110.64693639,35.60617376,90.04
252,110.64708459,35.60617368,0.04
253,110.64708460,35.60618450,270.04
254,110.64693640,35.60618458,0.04
255,110.64693641,35.60619540,90.04
256,110.64708461,35.60619532,0.04
257,110.64708462,35.60620614,270.04
258,110.64693642,35.60620622,0.04
259,110.64693643,35.60621704,90.04
260,110.64708463,35.60621696,0.04
261,110.64708463,35.60622778,270.04
262,110.64693644,35.60622786,0.04
263,110.64693644,35.60623868,90.04
264,110.64708464,35.60623860,0.04
265,110.64708465,35.60624942,270.04
266,110.64693645,35.60624950,0.04
267,110.64693646,35.60626032,90.04
268,110.64708466,35.60626024,0.04
269,110.64708467,35.60627106,270.04
270,110.64693647,35.60627114,0.04
271,110.64693648,35.60628196,90.04
272,110.64708468,35.60628188,0.04
273,110.64708469,35.60629270,270.04
274,110.64693649,35.60629278,0.04
275,110.64693650,35.60630360,90.04
276,110.64708470,35.60630352,0.04
277,110.64708470,35.60631434,270.04
278,110.64693651,35.60631442,0.04
279,110.64693651,35.60632524,90.04
280,110.64708471,35.60632516,0.04
281,110.64708472,35.60633120,270.04
282,110.64693652,35.60633128,359.86
#north_2
283,110.64693641,35.60636839,90.03
284,110.64708452,35.60636833,0.03
285,110.64708453,35.60637915,270.03
286,110.64693641,35.60637921,0.03
287,110.64693642,35.60639003,90.03
288,110.64708453,35.60638997,0.03
289,110.64708454,35.60640079,270.03
290,110.64693643,35.60640085,0.03
291,110.64693643,35.60641167,90.03
292,110.64708455,35.60641161,0.03
293,110.64708455,35.60642243,270.03
294,110.64693644,35.60642249,0.03
295,110.64693644,35.60643331,90.03
296,110.64708456,35.60643325,0.03
297,110.64708456,35.60644407,270.03
298,110.64693645,35.60644413,0.03
299,110.64693646,35.60645495,90.03
300,110.64708457,35.60645489,0.03
301,110.64708458,35.60646571,270.03
302,110.64693646,35.60646577,0.03
303,110.64693647,35.60647659,90.03
304,110.64708458,35.60647653,0.03
305,110.64708459,35.60648735,270.03
306,110.64693647,35.60648741,0.03
307,110.64693648,35.60649822,90.03
308,110.64708459,35.60649817,0.03
309,110.64708460,35.60650899,270.03
310,110.64693649,35.60650904,0.03
311,110.64693649,35.60651986,90.03
312,110.64708461,35.60651981,0.03
313,110.64708461,35.60653063,270.03
314,110.64693650,35.60653068,0.03
315,110.64693651,35.60654150,90.03
316,110.64708462,35.60654145,0.03
317,110.64708462,35.60654726,270.03
318,110.64693651,35.60654732,359.60
#north_1
319,110.64693618,35.60658527,89.82
320,110.64708454,35.60658564,359.83
321,110.64708450,35.60659646,269.82
322,110.64693614,35.60659609,359.83
323,110.64693610,35.60660691,89.82
324,110.64708446,35.60660728,359.83
325,110.64708442,35.60661810,269.82
326,110.64693606,35.60661773,359.83
327,110.64693602,35.60662855,89.82
328,110.64708438,35.60662892,359.83
329,110.64708434,35.60663974,269.82
330,110.64693598,35.60663937,359.83
331,110.64693594,35.60665019,89.82
332,110.64708430,35.60665056,359.83
333,110.64708426,35.60666138,269.82
334,110.64693590,35.60666101,359.83
335,110.64693586,35.60667183,89.82
336,110.64708422,35.60667220,359.83
337,110.64708418,35.60668302,269.82
338,110.64693582,35.60668265,359.83
339,110.64693578,35.60669347,89.82
340,110.64708414,35.60669384,359.83
341,110.64708410,35.60670466,269.82
342,110.64693574,35.60670429,359.83
343,110.64693570,35.60671511,89.82
344,110.64708406,35.60671548,359.83
345,110.64708402,35.60672630,269.82
346,110.64693566,35.60672593,359.83
347,110.64693562,35.60673675,89.82
348,110.64708398,35.60673712,359.83
349,110.64708394,35.60674794,269.82
350,110.64693558,35.60674757,359.83
351,110.64693554,35.60675839,89.82
352,110.64708390,35.60675876,359.83
353,110.64708387,35.60676487,269.82
354,110.64693551,35.60676450,180.11
#back_1B-2B
355,110.64693508,35.60658437,179.95
356,110.64693530,35.60636749,180.01
#back_3B-4B
357,110.64693527,35.60615122,179.72
358,110.64693658,35.60593373,179.73
#back_5B-6B
359,110.64693783,35.60571879,179.87
360,110.64693844,35.60550164,179.82
#back_7B-8B
361,110.64693926,35.60528539,179.77
362,110.64694032,35.60507032,179.77
#back_9B-10bA
363,110.64694067,35.60499998,180.31
364,110.64694054,35.60497935,0.00
#back_10bA-10A
365,110.64694054,35.60497935,269.66
366,110.64659707,35.60497767,0.00
#back_10A-11A
367,110.64659707,35.60497767,179.81
368,110.64659802,35.60474805,179.69
#back_11B-12A
369,110.64659952,35.60452571,179.86
370,110.64659983,35.60442182,359.86
#back_north11B-north12A
371,110.64659952,35.60452571,179.86
372,110.64659983,35.60442182,179.65
#back_north12B-north14A
373,110.64660078,35.60429259,179.97
374,110.64660094,35.60404301,179.99
#back_north14B-north15A
375,110.64660097,35.60386202,178.52
376,110.64660206,35.60382761,179.86
#back_north15B-north17A
377,110.64660255,35.60366755,179.76
378,110.64660374,35.60344040,179.93
#back_north17B-north19A
379,110.64660395,35.60330088,179.87
380,110.64660449,35.60310295,179.78
#back_north19B-north20A
381,110.64660561,35.60287015,179.73
382,110.64660580,35.60283869,179.99
#back_north20B-north21A
383,110.64660584,35.60266806,179.57
384,110.64660680,35.60256286,179.72
#back_north22A-north24A
385,110.64660776,35.60240069,179.76
386,110.64660943,35.60207901,179.87
#back_north24B-24A
387,110.64660984,35.60192962,90.00
388,110.64777591,35.60192968,359.52
#back_24B-23A
389,110.64777436,35.60207956,0.27
390,110.64777458,35.60211783,359.59
#back_23B-22A
391,110.64777398,35.60218478,359.69
392,110.64777329,35.60228932,359.93
#back_22B-21A
393,110.64777310,35.60240849,359.19
394,110.64777254,35.60244104,359.93
#back_21B-20A
395,110.64777235,35.60255990,359.70
396,110.64777166,35.60266566,359.79
#back_20B-19A
397,110.64777090,35.60283616,359.24
398,110.64777038,35.60286840,359.86
#back_19B-18A
399,110.64776966,35.60310123,359.77
400,110.64776917,35.60320370,0.82
#back_18B-17A
401,110.64777027,35.60326632,358.46
402,110.64776897,35.60330588,359.67
#back_17B-16A
403,110.64776797,35.60344504,0.25
404,110.64776811,35.60346909,359.83
#back_16B-15A
405,110.64776761,35.60360864,359.77
406,110.64776706,35.60371975,359.88
#back_15B-14A
407,110.64776678,35.60382802,0.61
408,110.64776724,35.60386301,359.57
#back_14B-13A
409,110.64776557,35.60404402,359.72
410,110.64776491,35.60415390,359.88
#back_13B-12A
411,110.64776464,35.60426222,359.99
412,110.64776464,35.60429273,359.83
#back_12B-11A
413,110.64776416,35.60442191,359.55
414,110.64776313,35.60452750,359.90
#back_11B-10A
415,110.64776265,35.60475014,359.63
416,110.64776183,35.60485292,359.73
#back_9A-8B
417,110.64776099,35.60500043,359.87
418,110.64776029,35.60525247,359.63
#back_7A-7bA
419,110.64776001,35.60528695,269.85
420,110.64741624,35.60528620,0.00
#back_7bA-6A
421,110.64741624,35.60528620,0.14
422,110.64741690,35.60550265,359.88
#back_6B-5A
423,110.64741642,35.60568374,359.97
424,110.64741640,35.60571754,359.77
#back_5B-4A
425,110.64741549,35.60589857,0.21
426,110.64741564,35.60593336,0.21
