序号,经度,纬度,航向角(度)
#bridge_5B-6B
1,110.64741549,35.60589857,179.80
2,110.64741596,35.60579115,179.80
3,110.64741642,35.60568374,179.88
#bridge_6A-7bB
4,110.64741690,35.60550265,182.22
5,110.64741521,35.60546725,179.74
#bridge_7bA-7A
6,110.64741624,35.60528620,89.85
7,110.64753083,35.60528645,89.85
8,110.64764542,35.60528670,89.85
9,110.64776001,35.60528695,179.63
#bridge_8B-9A
10,110.64776029,35.60525247,179.87
11,110.64776064,35.60512645,179.87
12,110.64776099,35.60500043,179.80
#bridge_10A-11B
13,110.64776161,35.60485301,179.53
14,110.64776265,35.60475014,179.90
#bridge_11A-12B
15,110.64776313,35.60452750,179.55
16,110.64776416,35.60442191,179.83
#bridge_12A-13B
17,110.64776464,35.60429273,179.99
18,110.64776464,35.60426222,179.88
#bridge_13A-14B
19,110.64776491,35.60415390,179.72
20,110.64776557,35.60404402,179.57
#bridge_14A-15B
21,110.64776724,35.60386301,180.61
22,110.64776678,35.60382802,213.09
#E15
23,110.64775246,35.60381016,269.90
24,110.64759791,35.60380993,269.90
25,110.64744335,35.60380971,269.90
26,110.64741035,35.60380966,269.90
27,110.64728883,35.60380949,269.90
28,110.64728882,35.60380949,179.90
29,110.64728884,35.60380044,89.90
30,110.64741036,35.60380061,89.90
31,110.64744337,35.60380066,89.90
32,110.64759793,35.60380089,89.90
33,110.64775249,35.60380111,89.90
34,110.64775249,35.60380111,179.90
35,110.64775251,35.60379206,269.90
36,110.64759795,35.60379184,269.90
37,110.64744339,35.60379162,269.90
38,110.64741038,35.60379157,269.90
39,110.64728886,35.60379139,269.90
40,110.64728885,35.60379139,179.90
41,110.64728887,35.60378235,89.90
42,110.64741039,35.60378252,89.90
43,110.64744342,35.60378257,89.90
44,110.64759798,35.60378279,89.90
45,110.64775253,35.60378302,89.90
46,110.64775254,35.60378302,179.90
47,110.64775256,35.60377397,269.90
48,110.64759800,35.60377375,269.90
49,110.64744344,35.60377352,269.90
50,110.64741041,35.60377347,269.90
51,110.64728889,35.60377330,269.90
52,110.64728888,35.60377330,179.90
53,110.64728890,35.60376425,89.90
54,110.64741042,35.60376443,89.90
55,110.64744346,35.60376448,89.90
56,110.64759802,35.60376470,89.90
57,110.64775258,35.60376492,89.90
58,110.64775258,35.60376492,179.90
59,110.64775260,35.60375588,269.90
60,110.64759804,35.60375565,269.90
61,110.64744349,35.60375543,269.90
62,110.64741044,35.60375538,269.90
63,110.64728892,35.60375521,269.90
64,110.64728891,35.60375521,179.90
65,110.64728893,35.60374616,89.90
66,110.64741045,35.60374634,89.90
67,110.64744351,35.60374638,89.90
68,110.64759807,35.60374661,89.90
69,110.64775263,35.60374683,89.90
70,110.64775263,35.60374683,179.90
71,110.64775265,35.60373778,269.90
72,110.64759809,35.60373756,269.90
73,110.64744353,35.60373734,269.90
74,110.64741047,35.60373729,269.90
75,110.64728895,35.60373711,269.90
76,110.64728893,35.60373711,179.90
77,110.64728899,35.60370997,89.90
78,110.64741051,35.60371015,89.90
79,110.64741052,35.60371015,359.90
80,110.64741050,35.60371920,269.90
81,110.64728897,35.60371902,89.90
82,110.64728898,35.60371902,359.90
83,110.64728896,35.60372807,89.90
84,110.64741048,35.60372824,89.90
85,110.64744356,35.60372829,89.90
86,110.64759811,35.60372851,89.90
87,110.64775267,35.60372874,127.53
#bridge_15-16B
88,110.64776706,35.60371975,179.77
89,110.64776706,35.60371885,179.78
90,110.64776759,35.60360854,178.60
91,110.64776803,35.60359386,220.81
92,110.64775370,35.60358036,269.98
#E16
93,110.64759900,35.60358032,269.98
94,110.64744430,35.60358028,269.98
95,110.64728960,35.60358023,179.98
96,110.64728960,35.60357119,89.98
97,110.64744430,35.60357123,89.98
98,110.64759900,35.60357127,89.98
99,110.64775370,35.60357132,179.98
100,110.64775370,35.60356227,269.98
101,110.64759900,35.60356223,269.98
102,110.64744430,35.60356218,269.98
103,110.64728960,35.60356214,179.98
104,110.64728961,35.60355309,89.98
105,110.64744431,35.60355314,89.98
106,110.64759901,35.60355318,89.98
107,110.64775371,35.60355322,179.98
108,110.64775371,35.60354418,269.98
109,110.64759901,35.60354413,269.98
110,110.64744431,35.60354409,269.98
111,110.64728961,35.60354405,179.98
112,110.64728961,35.60353500,89.98
113,110.64744431,35.60353504,89.98
114,110.64759902,35.60353509,89.98
115,110.64775372,35.60353513,179.98
116,110.64775372,35.60352608,269.98
117,110.64759902,35.60352604,269.98
118,110.64744432,35.60352600,269.98
119,110.64728962,35.60352596,179.98
120,110.64728962,35.60351691,89.98
121,110.64744432,35.60351695,89.98
122,110.64759902,35.60351699,89.98
123,110.64775372,35.60351704,179.98
124,110.64775373,35.60350799,269.98
125,110.64759903,35.60350795,269.98
126,110.64744433,35.60350790,269.98
127,110.64728963,35.60350786,179.98
128,110.64728963,35.60349882,89.98
129,110.64744433,35.60349886,89.98
130,110.64759903,35.60349890,89.98
131,110.64775373,35.60349894,179.98
132,110.64775373,35.60348990,269.98
133,110.64759903,35.60348985,269.98
134,110.64744433,35.60348981,269.98
135,110.64728963,35.60348977,179.98
136,110.64728964,35.60348072,89.98
137,110.64744434,35.60348077,89.98
138,110.64759904,35.60348081,89.98
139,110.64775374,35.60348085,135.18
#bridge_16A-17downB
140,110.64776811,35.60346909,180.25
141,110.64776810,35.60346819,180.76
142,110.64776771,35.60344421,270.06
143,110.64761187,35.60344433,270.06
144,110.64745603,35.60344445,269.74
145,110.64742118,35.60344432,201.51
146,110.64741189,35.60342517,270.00
#E17_up
147,110.64729043,35.60342517,90.00
148,110.64729048,35.60342517,180.00
149,110.64729048,35.60341612,90.00
150,110.64741194,35.60341612,90.00
151,110.64741199,35.60341612,180.00
152,110.64741199,35.60340708,270.00
153,110.64729053,35.60340708,90.00
154,110.64729058,35.60340708,180.00
155,110.64729058,35.60339803,90.00
156,110.64741204,35.60339803,90.00
157,110.64741209,35.60339803,180.00
158,110.64741209,35.60338898,270.00
159,110.64729063,35.60338898,90.00
160,110.64729068,35.60338898,180.00
161,110.64729068,35.60337994,90.00
162,110.64741214,35.60337994,90.00
163,110.64741219,35.60337994,180.00
164,110.64741219,35.60337089,270.00
165,110.64729072,35.60337089,90.00
166,110.64729077,35.60337089,180.00
167,110.64729077,35.60336184,90.00
168,110.64741224,35.60336184,90.00
169,110.64741229,35.60336184,180.00
170,110.64741229,35.60335280,270.00
171,110.64729082,35.60335280,90.00
172,110.64729087,35.60335280,180.00
173,110.64729087,35.60334375,90.00
174,110.64741233,35.60334375,90.00
175,110.64741238,35.60334375,180.00
176,110.64741238,35.60333470,270.00
177,110.64729092,35.60333470,90.00
178,110.64729097,35.60333470,180.00
179,110.64729097,35.60332566,90.00
180,110.64741243,35.60332566,90.00
181,110.64741248,35.60332566,180.00
182,110.64741248,35.60331661,270.00
183,110.64729102,35.60331661,90.00
#E17_upB_downC
184,110.64741248,35.60331661,89.98
185,110.64742454,35.60331661,359.98
186,110.64742450,35.60344434,89.57
187,110.64745904,35.60344455,152.04
188,110.64747132,35.60342573,89.89
#E17_down
189,110.64761254,35.60342596,89.89
190,110.64775375,35.60342618,89.89
191,110.64775379,35.60342618,179.89
192,110.64775381,35.60341713,269.89
193,110.64761260,35.60341691,269.89
194,110.64747139,35.60341669,89.89
195,110.64747143,35.60341669,179.89
196,110.64747145,35.60340764,89.89
197,110.64761266,35.60340786,89.89
198,110.64775388,35.60340809,89.89
199,110.64775392,35.60340809,179.89
200,110.64775394,35.60339904,269.89
201,110.64761273,35.60339882,269.89
202,110.64747152,35.60339859,89.89
203,110.64747156,35.60339859,179.89
204,110.64747158,35.60338955,89.89
205,110.64761279,35.60338977,89.89
206,110.64775401,35.60338999,89.89
207,110.64775405,35.60338999,179.89
208,110.64775407,35.60338095,269.89
209,110.64761286,35.60338072,269.89
210,110.64747165,35.60338050,89.89
211,110.64747169,35.60338050,179.89
212,110.64747171,35.60337146,89.89
213,110.64761292,35.60337168,89.89
214,110.64775413,35.60337190,89.89
215,110.64775418,35.60337190,179.89
216,110.64775420,35.60336285,269.89
217,110.64761299,35.60336263,269.89
218,110.64747178,35.60336241,89.89
219,110.64747182,35.60336241,179.89
220,110.64747184,35.60335336,89.89
221,110.64761305,35.60335359,89.89
222,110.64775426,35.60335381,89.89
223,110.64775431,35.60335381,179.89
224,110.64775433,35.60334476,269.89
225,110.64761312,35.60334454,269.89
226,110.64747191,35.60334432,89.89
227,110.64747195,35.60334432,179.89
228,110.64747197,35.60333527,89.89
229,110.64761318,35.60333549,89.89
230,110.64775439,35.60333571,89.89
231,110.64775444,35.60333571,179.89
232,110.64775446,35.60332667,269.89
233,110.64761325,35.60332645,269.89
234,110.64747204,35.60332622,89.89
235,110.64747208,35.60332622,179.89
236,110.64747210,35.60331718,89.89
237,110.64761331,35.60331740,89.89
238,110.64775452,35.60331762,134.98
#bridge_17A-18B
239,110.64776897,35.60330588,179.67
240,110.64776898,35.60330498,179.68
241,110.64776923,35.60326794,212.26
242,110.64775496,35.60324956,269.80
#E18
243,110.64760024,35.60324912,269.80
244,110.64744551,35.60324868,269.80
245,110.64741276,35.60324859,269.80
246,110.64729098,35.60324824,269.80
247,110.64729096,35.60324824,179.80
248,110.64729100,35.60323919,89.80
249,110.64741279,35.60323954,89.80
250,110.64744556,35.60323963,89.80
251,110.64760028,35.60324007,89.80
252,110.64775501,35.60324051,89.80
253,110.64775502,35.60324051,179.80
254,110.64775506,35.60323146,269.80
255,110.64760033,35.60323103,269.80
256,110.64744560,35.60323059,89.80
257,110.64744561,35.60323059,179.80
258,110.64744565,35.60322154,89.80
259,110.64760038,35.60322198,89.80
260,110.64775510,35.60322242,89.80
261,110.64775511,35.60322242,179.80
262,110.64775515,35.60321337,269.80
263,110.64760042,35.60321293,269.80
264,110.64744570,35.60321249,269.80
265,110.64741287,35.60321240,269.80
266,110.64729108,35.60321205,269.80
267,110.64729107,35.60321205,179.80
268,110.64729111,35.60320301,89.80
269,110.64741289,35.60320335,89.80
270,110.64741292,35.60320335,359.80
271,110.64741284,35.60322145,269.80
272,110.64729106,35.60322110,359.80
273,110.64729102,35.60323015,89.80
274,110.64741281,35.60323049,269.80
275,110.64729103,35.60323015,89.80
276,110.64729106,35.60323015,359.80
277,110.64729095,35.60325729,89.80
278,110.64741273,35.60325763,89.80
279,110.64744547,35.60325772,89.80
280,110.64760019,35.60325816,89.80
281,110.64775492,35.60325860,43.98
282,110.64776922,35.60327065,359.67
#back_18B-17A_stop
283,110.64776897,35.60330588,359.67
#back_17B-16A
284,110.64776797,35.60344504,0.25
285,110.64776811,35.60346909,359.83
#back_16B-15A
286,110.64776761,35.60360864,359.77
287,110.64776706,35.60371975,359.88
#back_15B-14A
288,110.64776678,35.60382802,0.61
289,110.64776724,35.60386301,359.57
#back_14B-13A
290,110.64776557,35.60404402,359.72
291,110.64776491,35.60415390,359.88
#back_13B-12A
292,110.64776464,35.60426222,359.99
293,110.64776464,35.60429273,359.83
#back_12B-11A
294,110.64776416,35.60442191,359.55
295,110.64776313,35.60452750,359.90
#back_11B-10A
296,110.64776265,35.60475014,359.63
297,110.64776183,35.60485292,359.73
#back_9A-8B
298,110.64776099,35.60500043,359.87
299,110.64776064,35.60512645,359.87
300,110.64776029,35.60525247,359.63
#back_7A-7bA
301,110.64776001,35.60528695,269.85
302,110.64764542,35.60528670,269.85
303,110.64753083,35.60528645,269.85
304,110.64741624,35.60528620,359.74
#back_7bB-6A
305,110.64741521,35.60546725,2.22
306,110.64741690,35.60550265,359.88
#back_6B-5A
307,110.64741642,35.60568374,359.97
308,110.64741640,35.60571754,359.77
#back_5B-4A
309,110.64741549,35.60589857,0.21
310,110.64741564,35.60593336,0.21
