序号,经度,纬度,航向角(度)
#bridge_5B-6B
1,110.64741549,35.60589857,179.80
2,110.64741596,35.60579115,179.80
3,110.64741642,35.60568374,179.88
#connector
4,110.64741666,35.60559320,179.88
5,110.64741690,35.60550265,182.22
#bridge_6A-7bB
6,110.64741521,35.60546725,179.74
#connector
7,110.64741573,35.60537673,179.74
8,110.64741624,35.60528620,89.85
#bridge_7bA-7A
9,110.64753083,35.60528645,89.85
10,110.64764542,35.60528670,89.85
11,110.64776001,35.60528695,179.63
#connector
12,110.64776029,35.60525247,179.87
#bridge_8B-9A
13,110.64776064,35.60512645,179.87
14,110.64776099,35.60500043,179.73
#connector
15,110.64776141,35.60492667,179.73
16,110.64776183,35.60485292,179.63
#bridge_10A-11B
17,110.64776265,35.60475014,179.90
#connector
18,110.64776289,35.60463882,179.90
19,110.64776313,35.60452750,179.55
#bridge_11A-12B
20,110.64776416,35.60442191,179.83
#connector
21,110.64776464,35.60429273,179.99
#bridge_12A-13B
22,110.64776464,35.60426222,179.88
#connector
23,110.64776491,35.60415390,179.72
#bridge_13A-14B
24,110.64776557,35.60404402,179.57
#connector
25,110.64776641,35.60395351,179.57
26,110.64776724,35.60386301,180.61
#bridge_14A-15B
27,110.64776678,35.60382802,179.88
#connector
28,110.64776706,35.60371975,179.77
#bridge_15A-16B
29,110.64776761,35.60360864,179.83
#connector
30,110.64776786,35.60353887,179.83
31,110.64776811,35.60346909,180.25
#bridge_16A-17B
32,110.64776797,35.60344504,179.67
#connector
33,110.64776847,35.60337546,179.67
34,110.64776897,35.60330588,179.67
#bridge_17A-18B
35,110.64776922,35.60327065,179.76
#connector
36,110.64776956,35.60320372,179.95
#bridge_18A-19B
37,110.64776966,35.60310123,179.86
#connector
38,110.64777002,35.60298481,179.86
39,110.64777038,35.60286840,179.24
#bridge_19A-20B
40,110.64777090,35.60283616,179.79
#connector
41,110.64777128,35.60275091,179.79
42,110.64777166,35.60266566,179.70
#bridge_20A-21B
43,110.64777235,35.60255990,179.93
#connector
44,110.64777254,35.60244104,179.19
#bridge_21A-22B
45,110.64777310,35.60240849,204.04
#E22
46,110.64776869,35.60240046,269.64
47,110.64760383,35.60239961,269.64
48,110.64743896,35.60239875,269.64
49,110.64742598,35.60239869,269.64
50,110.64728392,35.60239795,269.64
51,110.64728392,35.60239795,179.64
52,110.64728399,35.60238891,89.64
53,110.64742605,35.60238964,89.64
54,110.64743898,35.60238971,89.64
55,110.64760384,35.60239056,89.64
56,110.64776871,35.60239141,269.64
57,110.64776865,35.60239141,179.64
58,110.64776872,35.60238237,269.64
59,110.64760386,35.60238151,269.64
60,110.64743899,35.60238066,269.64
61,110.64742611,35.60238059,269.64
62,110.64728406,35.60237986,269.64
63,110.64728405,35.60237986,179.64
64,110.64728412,35.60237081,89.64
65,110.64742618,35.60237155,89.64
66,110.64743901,35.60237161,89.64
67,110.64760387,35.60237247,89.64
68,110.64776874,35.60237332,269.64
69,110.64776868,35.60237332,179.64
70,110.64776875,35.60236427,269.64
71,110.64760389,35.60236342,269.64
72,110.64743902,35.60236257,269.64
73,110.64742625,35.60236250,269.64
74,110.64728419,35.60236177,269.64
75,110.64728418,35.60236177,179.64
76,110.64728425,35.60235272,89.64
77,110.64742631,35.60235346,89.64
78,110.64743904,35.60235352,89.64
79,110.64760390,35.60235437,89.64
80,110.64776876,35.60235523,269.64
81,110.64776871,35.60235523,179.64
82,110.64776878,35.60234618,269.64
83,110.64760391,35.60234533,269.64
84,110.64743905,35.60234448,269.64
85,110.64742638,35.60234441,269.64
86,110.64728432,35.60234368,269.64
87,110.64728432,35.60234368,179.64
88,110.64728439,35.60233463,89.64
89,110.64742644,35.60233536,89.64
90,110.64743906,35.60233543,89.64
91,110.64760393,35.60233628,89.64
92,110.64776879,35.60233713,269.64
93,110.64776874,35.60233713,179.64
94,110.64776881,35.60232809,269.64
95,110.64760394,35.60232723,269.64
96,110.64743908,35.60232638,269.64
97,110.64742651,35.60232632,269.64
98,110.64728445,35.60232558,269.64
99,110.64728445,35.60232558,179.64
100,110.64728452,35.60231654,89.64
101,110.64742657,35.60231727,89.64
102,110.64743909,35.60231734,89.64
103,110.64760396,35.60231819,89.64
104,110.64776882,35.60231904,269.64
105,110.64776877,35.60231904,179.64
106,110.64776884,35.60230999,269.64
107,110.64760397,35.60230914,269.64
108,110.64743911,35.60230829,269.64
109,110.64742664,35.60230822,269.64
110,110.64728458,35.60230749,269.64
111,110.64728457,35.60230749,179.64
112,110.64728478,35.60228035,89.64
113,110.64742684,35.60228109,89.64
114,110.64742684,35.60228109,359.64
115,110.64742677,35.60229013,269.64
116,110.64728472,35.60228940,89.64
117,110.64728472,35.60228940,359.64
118,110.64728465,35.60229844,89.64
119,110.64742671,35.60229918,89.64
120,110.64743912,35.60229924,89.64
121,110.64760399,35.60230009,89.64
122,110.64776885,35.60230095,162.76
#bridge_22-23B
123,110.64777329,35.60228932,179.65
124,110.64777330,35.60228841,179.65
125,110.64777392,35.60220493,179.65
126,110.64777454,35.60212145,269.60
127,110.64777013,35.60212143,269.60
#E23
128,110.64760900,35.60212052,269.60
129,110.64744788,35.60211961,269.60
130,110.64728676,35.60211871,269.60
131,110.64720721,35.60211826,89.60
132,110.64726925,35.60211861,359.61
133,110.64726918,35.60212765,89.60
134,110.64739439,35.60212836,89.60
135,110.64751961,35.60212906,89.60
136,110.64764483,35.60212977,89.60
137,110.64777005,35.60213047,269.60
138,110.64760892,35.60212957,269.60
139,110.64744780,35.60212866,269.60
140,110.64728668,35.60212775,269.60
141,110.64728667,35.60212775,359.61
142,110.64728660,35.60213680,89.60
143,110.64744772,35.60213770,89.60
144,110.64760884,35.60213861,89.60
145,110.64776997,35.60213952,269.60
146,110.64776996,35.60213952,359.61
147,110.64776989,35.60214856,269.60
148,110.64760876,35.60214766,269.60
149,110.64744764,35.60214675,269.60
150,110.64728652,35.60214584,269.60
151,110.64728651,35.60214584,359.61
152,110.64728644,35.60215489,89.60
153,110.64744756,35.60215580,89.60
154,110.64760868,35.60215670,89.60
155,110.64776981,35.60215761,269.60
156,110.64776980,35.60215761,359.61
157,110.64776973,35.60216666,269.60
158,110.64760860,35.60216575,269.60
159,110.64744748,35.60216484,269.60
160,110.64728636,35.60216394,269.60
161,110.64728635,35.60216394,359.61
162,110.64728628,35.60217298,89.60
163,110.64744740,35.60217389,89.60
164,110.64760852,35.60217480,89.60
165,110.64776965,35.60217570,23.36
#bridge_23-24B
166,110.64777399,35.60218388,179.83
167,110.64777436,35.60207866,199.89
168,110.64777005,35.60206896,269.60
#E24
169,110.64762935,35.60206816,269.60
170,110.64748865,35.60206736,269.60
171,110.64734794,35.60206655,269.60
172,110.64720724,35.60206575,89.60
173,110.64720726,35.60206575,179.60
174,110.64720734,35.60205671,89.60
175,110.64734804,35.60205751,89.60
176,110.64748874,35.60205831,89.60
177,110.64762944,35.60205911,89.60
178,110.64777014,35.60205992,89.60
179,110.64777016,35.60205992,179.60
180,110.64777024,35.60205087,269.60
181,110.64762954,35.60205007,269.60
182,110.64748883,35.60204927,269.60
183,110.64734813,35.60204846,269.60
184,110.64720743,35.60204766,89.60
185,110.64720745,35.60204766,179.60
186,110.64720752,35.60203861,89.60
187,110.64734823,35.60203942,89.60
188,110.64748893,35.60204022,89.60
189,110.64762963,35.60204102,89.60
190,110.64777033,35.60204183,89.60
191,110.64777035,35.60204183,179.60
192,110.64777042,35.60203278,269.60
193,110.64762972,35.60203198,269.60
194,110.64748902,35.60203117,269.60
195,110.64734832,35.60203037,269.60
196,110.64720762,35.60202957,89.60
197,110.64720764,35.60202957,179.60
198,110.64720771,35.60202052,89.60
199,110.64734841,35.60202132,89.60
200,110.64748912,35.60202213,89.60
201,110.64762982,35.60202293,89.60
202,110.64777052,35.60202373,89.60
203,110.64777054,35.60202373,179.60
204,110.64777061,35.60201469,269.60
205,110.64762991,35.60201388,269.60
206,110.64748921,35.60201308,269.60
207,110.64734851,35.60201228,269.60
208,110.64720781,35.60201147,89.60
209,110.64720782,35.60201147,179.60
210,110.64720790,35.60200243,89.60
211,110.64734860,35.60200323,89.60
212,110.64748930,35.60200403,89.60
213,110.64763000,35.60200484,89.60
214,110.64777071,35.60200564,89.60
215,110.64777072,35.60200564,179.60
216,110.64777080,35.60199659,269.60
217,110.64763010,35.60199579,269.60
218,110.64748940,35.60199499,269.60
219,110.64734870,35.60199419,269.60
220,110.64720799,35.60199338,89.60
221,110.64720801,35.60199338,179.60
222,110.64720809,35.60198434,89.60
223,110.64734879,35.60198514,89.60
224,110.64748949,35.60198594,89.60
225,110.64763019,35.60198675,89.60
226,110.64777089,35.60198755,89.60
227,110.64777091,35.60198755,179.60
228,110.64777099,35.60197850,269.60
229,110.64763029,35.60197770,269.60
230,110.64748958,35.60197690,269.60
231,110.64734888,35.60197609,269.60
232,110.64720818,35.60197529,89.60
233,110.64720820,35.60197529,179.60
234,110.64720828,35.60196624,89.60
235,110.64734898,35.60196705,89.60
236,110.64748968,35.60196785,89.60
237,110.64763038,35.60196865,89.60
238,110.64777108,35.60196946,89.60
239,110.64777110,35.60196946,179.60
240,110.64777118,35.60196041,269.60
241,110.64763047,35.60195961,269.60
242,110.64748977,35.60195880,269.60
243,110.64734907,35.60195800,269.60
244,110.64720837,35.60195720,89.60
245,110.64720839,35.60195720,179.60
246,110.64720846,35.60194815,89.60
247,110.64734917,35.60194895,89.60
248,110.64748987,35.60194976,89.60
249,110.64763057,35.60195056,89.60
250,110.64777127,35.60195136,89.60
251,110.64777129,35.60195136,179.60
252,110.64777136,35.60194232,269.60
253,110.64763066,35.60194151,269.60
254,110.64748996,35.60194071,269.60
255,110.64734926,35.60193991,269.60
256,110.64720856,35.60193910,89.60
257,110.64720857,35.60193911,179.60
258,110.64720865,35.60193006,89.60
259,110.64734935,35.60193086,89.60
260,110.64749005,35.60193167,89.60
261,110.64763076,35.60193247,89.60
262,110.64777146,35.60193327,134.76
263,110.64777591,35.60192968,269.62
#bridge_E24A-E24D
264,110.64763273,35.60192891,269.62
265,110.64748954,35.60192814,269.62
266,110.64734635,35.60192738,269.62
267,110.64720316,35.60192661,355.51
#E24
268,110.64720270,35.60193142,268.76
#bridge_front1-W24C
269,110.64718371,35.60193109,358.39
#W24
270,110.64718131,35.60200074,358.39
271,110.64717891,35.60207039,269.82
272,110.64703820,35.60207003,269.82
273,110.64689750,35.60206967,269.82
274,110.64675679,35.60206931,269.82
275,110.64661609,35.60206895,269.82
276,110.64661608,35.60206895,179.82
277,110.64661611,35.60205990,89.82
278,110.64675682,35.60206026,89.82
279,110.64689752,35.60206062,89.82
280,110.64703823,35.60206098,89.82
281,110.64717893,35.60206134,269.82
282,110.64717892,35.60206134,179.82
283,110.64717896,35.60205230,269.82
284,110.64703825,35.60205194,269.82
285,110.64689755,35.60205158,269.82
286,110.64675684,35.60205122,269.82
287,110.64661614,35.60205086,269.82
288,110.64661613,35.60205086,179.82
289,110.64661616,35.60204181,89.82
290,110.64675687,35.60204217,89.82
291,110.64689757,35.60204253,89.82
292,110.64703828,35.60204289,89.82
293,110.64717898,35.60204325,269.82
294,110.64717897,35.60204325,179.82
295,110.64717901,35.60203421,269.82
296,110.64703830,35.60203384,269.82
297,110.64689760,35.60203348,269.82
298,110.64675689,35.60203312,269.82
299,110.64661619,35.60203276,269.82
300,110.64661618,35.60203276,179.82
301,110.64661621,35.60202372,89.82
302,110.64675692,35.60202408,89.82
303,110.64689762,35.60202444,89.82
304,110.64703833,35.60202480,89.82
305,110.64717903,35.60202516,269.82
306,110.64717902,35.60202516,179.82
307,110.64717906,35.60201611,269.82
308,110.64703835,35.60201575,269.82
309,110.64689765,35.60201539,269.82
310,110.64675694,35.60201503,269.82
311,110.64661624,35.60201467,269.82
312,110.64661623,35.60201467,179.82
313,110.64661626,35.60200562,89.82
314,110.64675697,35.60200598,89.82
315,110.64689767,35.60200634,89.82
316,110.64703838,35.60200671,89.82
317,110.64717908,35.60200707,269.82
318,110.64717907,35.60200707,179.82
319,110.64717911,35.60199802,269.82
320,110.64703840,35.60199766,269.82
321,110.64689770,35.60199730,269.82
322,110.64675699,35.60199694,269.82
323,110.64661629,35.60199658,269.82
324,110.64661628,35.60199658,179.82
325,110.64661631,35.60198753,89.82
326,110.64675702,35.60198789,89.82
327,110.64689772,35.60198825,89.82
328,110.64703843,35.60198861,89.82
329,110.64717913,35.60198897,269.82
330,110.64717912,35.60198897,179.82
331,110.64717916,35.60197993,269.82
332,110.64703845,35.60197957,269.82
333,110.64689775,35.60197920,269.82
334,110.64675704,35.60197884,269.82
335,110.64661634,35.60197848,269.82
336,110.64661633,35.60197848,179.82
337,110.64661636,35.60196944,89.82
338,110.64675707,35.60196980,89.82
339,110.64689777,35.60197016,89.82
340,110.64703848,35.60197052,89.82
341,110.64717918,35.60197088,269.82
342,110.64717917,35.60197088,179.82
343,110.64717921,35.60196183,269.82
344,110.64703850,35.60196147,269.82
345,110.64689780,35.60196111,269.82
346,110.64675709,35.60196075,269.82
347,110.64661639,35.60196039,269.82
348,110.64661638,35.60196039,179.82
349,110.64661641,35.60195134,89.82
350,110.64675712,35.60195170,89.82
351,110.64689782,35.60195207,89.82
352,110.64703853,35.60195243,89.82
353,110.64717923,35.60195279,269.82
354,110.64717922,35.60195279,179.82
355,110.64717926,35.60194374,269.82
356,110.64703855,35.60194338,269.82
357,110.64689785,35.60194302,269.82
358,110.64675714,35.60194266,269.82
359,110.64661644,35.60194230,269.82
360,110.64661643,35.60194230,179.82
361,110.64661646,35.60193325,89.82
362,110.64675717,35.60193361,89.82
363,110.64689787,35.60193397,89.82
364,110.64703858,35.60193433,89.82
365,110.64717928,35.60193469,269.82
366,110.64703858,35.60193433,269.82
367,110.64689787,35.60193397,269.82
368,110.64675717,35.60193361,269.82
369,110.64661646,35.60193325,235.96
370,110.64660984,35.60192962,89.82
#back_W24B-W24C_stop
371,110.64675331,35.60192998,89.82
372,110.64689678,35.60193035,89.82
373,110.64704024,35.60193072,89.82
374,110.64718371,35.60193109,105.81
#W24
375,110.64720316,35.60192661,89.62
#back_E24D-24A
376,110.64734635,35.60192738,89.62
377,110.64748954,35.60192814,89.62
378,110.64763273,35.60192891,89.62
379,110.64777591,35.60192968,359.52
#W24
380,110.64777514,35.60200462,359.52
381,110.64777436,35.60207956,0.27
#back_24B-23A
382,110.64777458,35.60211783,359.59
#W24
383,110.64777398,35.60218478,359.69
#back_23B-22A
384,110.64777329,35.60228932,359.93
#W24
385,110.64777310,35.60240849,359.19
#back_22B-21A
386,110.64777254,35.60244104,359.93
#W24
387,110.64777235,35.60255990,359.70
#back_21B-20A
388,110.64777166,35.60266566,359.79
#W24
389,110.64777128,35.60275091,359.79
390,110.64777090,35.60283616,359.24
#back_20B-19A
391,110.64777038,35.60286840,359.86
#W24
392,110.64777002,35.60298481,359.86
393,110.64776966,35.60310123,359.95
#back_19B-18A
394,110.64776956,35.60320372,359.76
#W24
395,110.64776922,35.60327065,359.67
#back_18B-17A
396,110.64776897,35.60330588,359.67
#W24
397,110.64776847,35.60337546,359.67
398,110.64776797,35.60344504,0.25
#back_17B-16A
399,110.64776811,35.60346909,359.83
#W24
400,110.64776786,35.60353887,359.83
401,110.64776761,35.60360864,359.77
#back_16B-15A
402,110.64776706,35.60371975,359.88
#W24
403,110.64776678,35.60382802,0.61
#back_15B-14A
404,110.64776724,35.60386301,359.57
#W24
405,110.64776641,35.60395351,359.57
406,110.64776557,35.60404402,359.72
#back_14B-13A
407,110.64776491,35.60415390,359.88
#W24
408,110.64776464,35.60426222,359.99
#back_13B-12A
409,110.64776464,35.60429273,359.83
#W24
410,110.64776416,35.60442191,359.55
#back_12B-11A
411,110.64776313,35.60452750,359.90
#W24
412,110.64776289,35.60463882,359.90
413,110.64776265,35.60475014,359.63
#back_11B-10A
414,110.64776183,35.60485292,359.73
#W24
415,110.64776141,35.60492667,359.73
416,110.64776099,35.60500043,359.87
#back_9A-8B
417,110.64776064,35.60512645,359.87
418,110.64776029,35.60525247,359.63
#W24
419,110.64776001,35.60528695,269.85
#back_7A-7bA
420,110.64764542,35.60528670,269.85
421,110.64753083,35.60528645,269.85
422,110.64741624,35.60528620,359.74
#W24
423,110.64741573,35.60537673,359.74
424,110.64741521,35.60546725,2.22
#back_7bB-6A
425,110.64741690,35.60550265,359.88
#W24
426,110.64741666,35.60559320,359.88
427,110.64741642,35.60568374,359.97
#back_6B-5A
428,110.64741640,35.60571754,359.77
#W24
429,110.64741594,35.60580805,359.77
430,110.64741549,35.60589857,0.21
#back_5B-4A
431,110.64741564,35.60593336,0.21
