序号,经度,纬度,航向角(度)
#bridge_5B-6B
1,110.64741439,35.60589766,179.80
2,110.64741485,35.60579115,179.80
3,110.64741531,35.60568464,179.89
#bridge_5B-6B_mid
4,110.64741554,35.60559321,179.89
#bridge_6A-7bB
5,110.64741576,35.60550179,182.22
6,110.64741415,35.60546819,179.17
#bridge_6A-7bB_mid
7,110.64741574,35.60537855,179.17
#bridge_7bA-7A
8,110.64741733,35.60528891,89.85
9,110.64752972,35.60528915,89.85
10,110.64764210,35.60528940,89.85
11,110.64775449,35.60528965,155.89
#bridge_8B-9B
12,110.64775907,35.60528132,179.82
13,110.64775955,35.60515918,179.82
14,110.64776004,35.60503704,200.11
#E9_start
15,110.64775736,35.60503110,269.52
16,110.64759750,35.60503001,269.52
17,110.64743764,35.60502892,269.52
18,110.64727779,35.60502784,179.53
19,110.64727788,35.60501882,89.52
20,110.64743774,35.60501991,89.52
21,110.64759759,35.60502099,89.52
22,110.64775745,35.60502208,179.53
23,110.64775754,35.60501306,269.52
24,110.64759769,35.60501198,269.52
25,110.64743783,35.60501089,269.52
26,110.64727797,35.60500981,179.53
27,110.64727806,35.60500079,89.52
28,110.64743792,35.60500188,89.52
29,110.64759778,35.60500296,89.52
30,110.64775764,35.60500405,157.88
#bridge_9-10B
31,110.64775991,35.60499951,178.78
32,110.64776048,35.60497748,270.23
#bridge_9-10B_mid
33,110.64759783,35.60497801,270.23
34,110.64743518,35.60497854,270.23
#E10_long_block
35,110.64727253,35.60497906,90.15
36,110.64741633,35.60497875,180.15
37,110.64741630,35.60496973,270.15
38,110.64727250,35.60497005,180.15
39,110.64727247,35.60496103,90.15
40,110.64741627,35.60496072,180.15
41,110.64741624,35.60495170,270.15
42,110.64727244,35.60495201,180.15
43,110.64727241,35.60494300,90.15
44,110.64741621,35.60494268,180.15
45,110.64741618,35.60493367,270.15
46,110.64727238,35.60493398,180.15
47,110.64727235,35.60492496,90.15
48,110.64741615,35.60492465,180.15
49,110.64741613,35.60491563,270.15
50,110.64727232,35.60491595,180.15
51,110.64727229,35.60490693,90.15
52,110.64741610,35.60490662,180.15
53,110.64741607,35.60489760,270.15
54,110.64727226,35.60489791,180.15
55,110.64727224,35.60488890,90.15
56,110.64741604,35.60488859,180.15
57,110.64741601,35.60487957,270.15
58,110.64727221,35.60487988,180.15
59,110.64727218,35.60487086,90.15
60,110.64741598,35.60487055,180.15
61,110.64741595,35.60486154,270.15
62,110.64727215,35.60486185,180.15
63,110.64727212,35.60485283,90.15
64,110.64741592,35.60485252,180.15
65,110.64741589,35.60484350,270.15
66,110.64727209,35.60484382,180.15
67,110.64727206,35.60483493,90.15
68,110.64741586,35.60483462,5.29
#E10_long_block_mid
69,110.64742400,35.60490598,5.29
#E10
70,110.64743213,35.60497734,89.97
71,110.64759517,35.60497742,89.97
72,110.64775820,35.60497750,179.97
73,110.64775821,35.60496848,269.97
74,110.64759517,35.60496840,269.97
75,110.64743214,35.60496833,179.97
76,110.64743214,35.60495931,89.97
77,110.64759518,35.60495939,89.97
78,110.64775822,35.60495947,179.97
79,110.64775822,35.60495045,269.97
80,110.64759519,35.60495037,269.97
81,110.64743215,35.60495029,179.97
82,110.64743216,35.60494128,89.97
83,110.64759519,35.60494136,89.97
84,110.64775823,35.60494143,179.97
85,110.64775824,35.60493242,269.97
86,110.64759520,35.60493234,269.97
87,110.64743216,35.60493226,179.97
88,110.64743217,35.60492324,89.97
89,110.64759521,35.60492332,89.97
90,110.64775824,35.60492340,179.97
91,110.64775825,35.60491438,269.97
92,110.64759521,35.60491431,269.97
93,110.64743218,35.60491423,179.97
94,110.64743218,35.60490521,89.97
95,110.64759522,35.60490529,89.97
96,110.64775826,35.60490537,179.97
97,110.64775826,35.60489635,269.97
98,110.64759523,35.60489627,269.97
99,110.64743219,35.60489619,179.97
100,110.64743220,35.60488718,89.97
101,110.64759523,35.60488726,89.97
102,110.64775827,35.60488734,179.97
103,110.64775828,35.60487832,269.97
104,110.64759524,35.60487824,269.97
105,110.64743220,35.60487816,179.97
106,110.64743221,35.60486914,89.97
107,110.64759525,35.60486922,89.97
108,110.64775828,35.60486930,179.97
109,110.64775829,35.60486029,269.97
110,110.64759525,35.60486021,269.97
111,110.64743221,35.60486013,179.97
112,110.64743222,35.60485556,89.97
113,110.64759525,35.60485564,89.97
114,110.64775829,35.60485571,153.46
#bridge_10A-11B
115,110.64776051,35.60485210,179.53
116,110.64776167,35.60473841,269.76
#bridge_10A-11B_mid
117,110.64759930,35.60473787,269.76
118,110.64743693,35.60473732,269.76
#E11_long_block
119,110.64727457,35.60473678,89.90
120,110.64741720,35.60473697,179.90
121,110.64741722,35.60472796,269.90
122,110.64727459,35.60472776,179.90
123,110.64727460,35.60471874,89.90
124,110.64741724,35.60471894,179.90
125,110.64741725,35.60470992,269.90
126,110.64727462,35.60470973,179.90
127,110.64727464,35.60470071,89.90
128,110.64741727,35.60470091,179.90
129,110.64741729,35.60469189,269.90
130,110.64727466,35.60469169,179.90
131,110.64727468,35.60468268,89.90
132,110.64741731,35.60468287,179.90
133,110.64741733,35.60467386,269.90
134,110.64727470,35.60467366,179.90
135,110.64727472,35.60466464,89.90
136,110.64741735,35.60466484,179.90
137,110.64741737,35.60465582,269.90
138,110.64727473,35.60465563,179.90
139,110.64727475,35.60464661,89.90
140,110.64741739,35.60464681,179.90
141,110.64741740,35.60463779,269.90
142,110.64727477,35.60463760,179.90
143,110.64727479,35.60462858,89.90
144,110.64741742,35.60462877,179.90
145,110.64741744,35.60461976,269.90
146,110.64727481,35.60461956,179.90
147,110.64727483,35.60461055,89.90
148,110.64741746,35.60461074,179.90
149,110.64741748,35.60460173,269.90
150,110.64727485,35.60460153,179.90
151,110.64727486,35.60459251,89.90
152,110.64741750,35.60459271,179.90
153,110.64741752,35.60458369,269.90
154,110.64727488,35.60458350,179.90
155,110.64727490,35.60457448,89.90
156,110.64741753,35.60457468,179.90
157,110.64741755,35.60456566,269.90
158,110.64727492,35.60456546,179.90
159,110.64727494,35.60455645,89.90
160,110.64741757,35.60455664,179.90
161,110.64741759,35.60454763,269.90
162,110.64727496,35.60454743,179.90
163,110.64727498,35.60453841,89.90
164,110.64741761,35.60453861,179.90
165,110.64741763,35.60452959,269.90
166,110.64727499,35.60452940,179.90
167,110.64727501,35.60452038,89.90
168,110.64741765,35.60452058,179.90
169,110.64741766,35.60451156,269.90
170,110.64727503,35.60451137,89.90
171,110.64741766,35.60451156,3.03
#E11_long_block_mid
172,110.64742504,35.60462475,3.03
#E11
173,110.64743241,35.60473795,89.90
174,110.64759589,35.60473818,89.90
175,110.64775936,35.60473842,179.90
176,110.64775938,35.60472940,269.90
177,110.64759591,35.60472916,269.90
178,110.64743243,35.60472893,179.90
179,110.64743245,35.60471991,89.90
180,110.64759593,35.60472015,89.90
181,110.64775940,35.60472038,179.90
182,110.64775942,35.60471137,269.90
183,110.64759595,35.60471113,269.90
184,110.64743247,35.60471090,179.90
185,110.64743249,35.60470188,89.90
186,110.64759597,35.60470212,89.90
187,110.64775944,35.60470235,179.90
188,110.64775946,35.60469333,269.90
189,110.64759599,35.60469310,269.90
190,110.64743251,35.60469286,179.90
191,110.64743253,35.60468385,89.90
192,110.64759601,35.60468408,89.90
193,110.64775948,35.60468432,179.90
194,110.64775950,35.60467530,269.90
195,110.64759603,35.60467507,269.90
196,110.64743255,35.60467483,179.90
197,110.64743257,35.60466581,89.90
198,110.64759604,35.60466605,89.90
199,110.64775952,35.60466629,179.90
200,110.64775954,35.60465727,269.90
201,110.64759606,35.60465703,269.90
202,110.64743259,35.60465680,179.90
203,110.64743261,35.60464778,89.90
204,110.64759608,35.60464802,89.90
205,110.64775956,35.60464825,179.90
206,110.64775958,35.60463924,269.90
207,110.64759610,35.60463900,269.90
208,110.64743263,35.60463876,179.90
209,110.64743265,35.60462975,89.90
210,110.64759612,35.60462998,89.90
211,110.64775960,35.60463022,179.90
212,110.64775962,35.60462120,269.90
213,110.64759614,35.60462097,269.90
214,110.64743267,35.60462073,179.90
215,110.64743269,35.60461172,89.90
216,110.64759616,35.60461195,89.90
217,110.64775964,35.60461219,179.90
218,110.64775966,35.60460317,269.90
219,110.64759618,35.60460293,269.90
220,110.64743271,35.60460270,179.90
221,110.64743273,35.60459368,89.90
222,110.64759620,35.60459392,89.90
223,110.64775968,35.60459415,179.90
224,110.64775970,35.60458514,269.90
225,110.64759622,35.60458490,269.90
226,110.64743274,35.60458467,179.90
227,110.64743276,35.60457565,89.90
228,110.64759624,35.60457589,89.90
229,110.64775972,35.60457612,179.90
230,110.64775974,35.60456710,269.90
231,110.64759626,35.60456687,269.90
232,110.64743278,35.60456663,179.90
233,110.64743280,35.60455762,89.90
234,110.64759628,35.60455785,89.90
235,110.64775975,35.60455809,179.90
236,110.64775977,35.60454907,269.90
237,110.64759630,35.60454884,269.90
238,110.64743282,35.60454860,179.90
239,110.64743284,35.60453958,89.90
240,110.64759632,35.60453982,89.90
241,110.64775979,35.60454006,179.90
242,110.64775981,35.60453104,269.90
243,110.64759634,35.60453080,269.90
244,110.64743286,35.60453057,89.90
245,110.64759634,35.60453080,89.90
246,110.64775981,35.60453104,0.37
#E11_mid
247,110.64776068,35.60464104,0.37
#back_11B-10A_stop
248,110.64776154,35.60475104,359.53
249,110.64776051,35.60485210,359.80
#back_11B-10A_stop_mid
250,110.64776019,35.60492672,359.80
#back_9A-8B
251,110.64775988,35.60500133,359.87
252,110.64775962,35.60509586,359.87
253,110.64775936,35.60519039,359.87
254,110.64775909,35.60528492,315.46
#back_7A-7bA
255,110.64775338,35.60528964,269.85
256,110.64764137,35.60528940,269.85
257,110.64752935,35.60528915,269.85
258,110.64741733,35.60528891,359.17
#back_7A-7bA_mid
259,110.64741574,35.60537855,359.17
#back_7bB-6A
260,110.64741415,35.60546819,2.22
261,110.64741576,35.60550179,359.89
#back_7bB-6A_mid
262,110.64741554,35.60559321,359.89
#back_6B-5A
263,110.64741532,35.60568464,359.97
264,110.64741529,35.60571664,359.77
#back_6B-5A_mid
265,110.64741484,35.60580805,359.77
#back_5B-4A
266,110.64741439,35.60589947,0.21
267,110.64741454,35.60593246,0.21
