#idx,lon,lat,heading_deg
1,110.64741373,35.60611349,269.79
2,110.64736957,35.60611336,269.79
3,110.64732540,35.60611322,269.79
4,110.64726492,35.60611304,179.79
5,110.64726496,35.60610222,89.79
6,110.64730913,35.60610235,89.79
7,110.64735329,35.60610249,89.79
8,110.64741378,35.60610267,179.79
9,110.64741383,35.60609185,269.79
10,110.64736966,35.60609172,269.79
11,110.64732550,35.60609158,269.79
12,110.64726501,35.60609140,179.79
13,110.64726506,35.60608058,89.79
14,110.64730922,35.60608071,89.79
15,110.64735339,35.60608085,89.79
16,110.64741387,35.60608103,179.79
17,110.64741392,35.60607021,269.79
18,110.64736976,35.60607008,269.79
19,110.64732560,35.60606994,269.79
20,110.64726511,35.60606976,179.79
21,110.64726516,35.60605894,89.79
22,110.64730932,35.60605908,89.79
23,110.64735348,35.60605921,89.79
24,110.64741397,35.60605939,179.79
25,110.64741402,35.60604857,269.79
26,110.64736986,35.60604844,269.79
27,110.64732570,35.60604830,269.79
28,110.64726521,35.60604812,179.79
29,110.64726526,35.60603730,89.79
30,110.64730942,35.60603744,89.79
31,110.64735358,35.60603757,89.79
32,110.64741407,35.60603775,179.79
33,110.64741412,35.60602693,269.79
34,110.64736996,35.60602680,269.79
35,110.64732579,35.60602667,269.79
36,110.64726531,35.60602648,179.79
37,110.64726536,35.60601566,89.79
38,110.64730952,35.60601580,89.79
39,110.64735368,35.60601593,89.79
40,110.64741417,35.60601611,179.79
41,110.64741422,35.60600529,269.79
42,110.64737005,35.60600516,269.79
43,110.64732589,35.60600503,269.79
44,110.64726540,35.60600484,179.79
45,110.64726545,35.60599402,89.79
46,110.64730962,35.60599416,89.79
47,110.64735378,35.60599429,89.79
48,110.64741426,35.60599447,179.79
49,110.64741431,35.60598365,269.79
50,110.64737015,35.60598352,269.79
51,110.64732599,35.60598339,269.79
52,110.64726550,35.60598320,179.79
53,110.64726555,35.60597239,89.79
54,110.64730971,35.60597252,89.79
55,110.64735388,35.60597265,89.79
56,110.64741436,35.60597283,179.79
57,110.64741441,35.60596201,269.79
58,110.64737025,35.60596188,269.79
59,110.64732609,35.60596175,269.79
60,110.64726560,35.60596157,179.79
61,110.64726565,35.60595075,89.79
62,110.64730981,35.60595088,89.79
63,110.64735397,35.60595101,89.79
64,110.64741446,35.60595119,179.79
65,110.64741451,35.60594037,269.79
66,110.64737035,35.60594024,269.79
67,110.64732619,35.60594011,269.79
68,110.64726570,35.60593993,179.79
69,110.64726573,35.60593381,89.79
70,110.64730989,35.60593394,89.79
71,110.64735405,35.60593407,89.79
72,110.64741454,35.60593425,180.19
73,110.64741439,35.60589766,269.76
74,110.64737023,35.60589751,269.76
75,110.64732607,35.60589737,269.76
76,110.64726511,35.60589716,179.77
77,110.64726516,35.60588634,89.76
78,110.64730932,35.60588649,89.76
79,110.64735349,35.60588664,89.76
80,110.64741444,35.60588684,179.77
81,110.64741450,35.60587602,269.76
82,110.64737034,35.60587588,269.76
83,110.64732618,35.60587573,269.76
84,110.64726522,35.60587552,179.77
85,110.64726527,35.60586470,89.76
86,110.64730943,35.60586485,89.76
87,110.64735359,35.60586500,89.76
88,110.64741455,35.60586520,179.77
89,110.64741461,35.60585438,269.76
90,110.64737045,35.60585424,269.76
91,110.64732628,35.60585409,269.76
92,110.64726533,35.60585388,179.77
93,110.64726538,35.60584307,89.76
94,110.64730954,35.60584321,89.76
95,110.64735370,35.60584336,89.76
96,110.64741466,35.60584356,179.77
97,110.64741472,35.60583274,269.76
98,110.64737055,35.60583260,269.76
99,110.64732639,35.60583245,269.76
100,110.64726543,35.60583225,179.77
101,110.64726549,35.60582143,89.76
102,110.64730965,35.60582157,89.76
103,110.64735381,35.60582172,89.76
104,110.64741477,35.60582192,179.77
105,110.64741482,35.60581111,269.76
106,110.64737066,35.60581096,269.76
107,110.64732650,35.60581081,269.76
108,110.64726554,35.60581061,179.77
109,110.64726560,35.60579979,89.76
110,110.64730976,35.60579993,89.76
111,110.64735392,35.60580008,89.76
112,110.64741488,35.60580029,179.77
113,110.64741493,35.60578947,269.76
114,110.64737077,35.60578932,269.76
115,110.64732661,35.60578917,269.76
116,110.64726565,35.60578897,179.77
117,110.64726570,35.60577815,89.76
118,110.64730987,35.60577830,89.76
119,110.64735403,35.60577844,89.76
120,110.64741499,35.60577865,179.77
121,110.64741504,35.60576783,269.76
122,110.64737088,35.60576768,269.76
123,110.64732672,35.60576753,269.76
124,110.64726576,35.60576733,179.77
125,110.64726581,35.60575651,89.76
126,110.64730998,35.60575666,89.76
127,110.64735414,35.60575680,89.76
128,110.64741510,35.60575701,179.77
129,110.64741515,35.60574619,269.76
130,110.64737099,35.60574604,269.76
131,110.64732683,35.60574589,269.76
132,110.64726587,35.60574569,179.77
133,110.64726592,35.60573487,89.76
134,110.64731008,35.60573502,89.76
135,110.64735425,35.60573516,89.76
136,110.64741520,35.60573537,179.77
137,110.64741526,35.60572455,269.76
138,110.64737110,35.60572440,269.76
139,110.64732693,35.60572425,269.76
140,110.64726598,35.60572405,179.77
141,110.64726601,35.60571794,89.76
142,110.64731017,35.60571809,89.76
143,110.64735433,35.60571823,89.76
144,110.64741529,35.60571844,44.67
145,110.64741529,35.60571844,359.84
146,110.64741516,35.60575450,359.84
147,110.64741504,35.60579057,359.84
148,110.64741491,35.60582663,359.84
149,110.64741479,35.60586270,359.84
150,110.64741454,35.60593245,0.00
151,110.64741454,35.60593245,179.84
152,110.64741467,35.60589639,179.84
153,110.64741480,35.60586032,179.84
154,110.64741492,35.60582425,179.84
155,110.64741505,35.60578819,179.84
156,110.64741529,35.60571844,179.84
