序号,经度,纬度,航向角(度)
#bridge_5B-6B
1,110.64741439,35.60589766,179.80
2,110.64741485,35.60579115,179.80
3,110.64741531,35.60568464,179.89
#bridge_5B-6B_mid
4,110.64741554,35.60559321,179.89
#bridge_6A-7bB
5,110.64741576,35.60550179,182.22
6,110.64741415,35.60546819,179.17
#bridge_6A-7bB_mid
7,110.64741574,35.60537855,179.17
#bridge_7bA-7A
8,110.64741733,35.60528891,89.85
9,110.64753119,35.60528916,89.85
10,110.64764505,35.60528941,89.85
11,110.64775890,35.60528965,179.65
#bridge_8B-9A
12,110.64775919,35.60525156,179.87
13,110.64775953,35.60512645,179.87
14,110.64775988,35.60500133,179.04
#bridge_8B-9A_mid
15,110.64776141,35.60492668,179.04
#bridge_10A-11B
16,110.64776294,35.60485202,179.63
17,110.64776375,35.60475105,180.36
#bridge_10A-11B_mid
18,110.64776289,35.60463882,180.36
#bridge_11A-12B
19,110.64776204,35.60452659,179.55
20,110.64776305,35.60442280,179.83
#bridge_12A-13B
21,110.64776353,35.60429183,179.99
22,110.64776354,35.60426312,179.88
#bridge_13A-14B
23,110.64776382,35.60415299,179.72
24,110.64776446,35.60404492,179.58
#bridge_13A-14B_mid
25,110.64776529,35.60395352,179.58
#bridge_14A-15B
26,110.64776612,35.60386212,180.61
27,110.64776569,35.60382893,179.89
#bridge_15A-16B
28,110.64776596,35.60371885,179.77
29,110.64776650,35.60360954,179.84
#bridge_15A-16B_mid
30,110.64776675,35.60353887,179.84
#bridge_16A-17B
31,110.64776700,35.60346820,180.25
32,110.64776688,35.60344595,179.67
#bridge_16A-17B_mid
33,110.64776737,35.60337546,179.67
#bridge_17A-18B
34,110.64776787,35.60330498,179.67
35,110.64776811,35.60327155,179.76
#bridge_18A-19B
36,110.64776846,35.60320281,179.95
37,110.64776856,35.60310213,179.86
#bridge_18A-19B_mid
38,110.64776892,35.60298481,179.86
#bridge_19A-20B
39,110.64776929,35.60286748,179.24
40,110.64776978,35.60283705,179.79
#bridge_19A-20B_mid
41,110.64777017,35.60275090,179.79
#bridge_20A-21B
42,110.64777056,35.60266475,179.70
43,110.64777124,35.60256079,179.92
#bridge_21A-22B
44,110.64777145,35.60244013,179.19
45,110.64777204,35.60240577,269.65
#bridge_21A-22B_mid
46,110.64760920,35.60240497,269.65
47,110.64744637,35.60240417,269.65
#E22_long_block_start
48,110.64728353,35.60240337,179.66
49,110.64728443,35.60227960,89.66
50,110.64729547,35.60227965,359.66
51,110.64729457,35.60240343,89.66
52,110.64730561,35.60240348,179.66
53,110.64730651,35.60227971,89.66
54,110.64731755,35.60227976,359.66
55,110.64731665,35.60240353,89.66
56,110.64732769,35.60240359,179.66
57,110.64732859,35.60227982,89.66
58,110.64733963,35.60227987,359.66
59,110.64733873,35.60240364,89.66
60,110.64734977,35.60240370,179.66
61,110.64735067,35.60227992,89.66
62,110.64736171,35.60227998,359.66
63,110.64736081,35.60240375,89.66
64,110.64737185,35.60240380,179.66
65,110.64737275,35.60228003,89.66
66,110.64738379,35.60228008,359.66
67,110.64738289,35.60240386,89.66
68,110.64739393,35.60240391,179.66
69,110.64739483,35.60228014,89.66
70,110.64740587,35.60228019,359.66
71,110.64740497,35.60240396,89.66
72,110.64741601,35.60240402,179.66
73,110.64741691,35.60228025,89.66
74,110.64742795,35.60228030,359.66
75,110.64742705,35.60240407,81.24
#E22
76,110.64743785,35.60240542,89.92
77,110.64754849,35.60240554,89.92
78,110.64765914,35.60240566,89.92
79,110.64776979,35.60240578,179.93
80,110.64776981,35.60239676,269.92
81,110.64765916,35.60239665,269.92
82,110.64754851,35.60239653,269.92
83,110.64743786,35.60239641,179.92
84,110.64743788,35.60238739,89.92
85,110.64754852,35.60238751,89.92
86,110.64765917,35.60238763,89.92
87,110.64776982,35.60238775,179.93
88,110.64776983,35.60237873,269.92
89,110.64765919,35.60237861,269.92
90,110.64754854,35.60237849,269.92
91,110.64743789,35.60237838,179.92
92,110.64743790,35.60236936,89.92
93,110.64754855,35.60236948,89.92
94,110.64765920,35.60236960,89.92
95,110.64776985,35.60236971,179.93
96,110.64776986,35.60236070,269.92
97,110.64765922,35.60236058,269.92
98,110.64754857,35.60236046,269.92
99,110.64743792,35.60236034,179.92
100,110.64743793,35.60235133,89.92
101,110.64754858,35.60235144,89.92
102,110.64765923,35.60235156,89.92
103,110.64776988,35.60235168,179.93
104,110.64776989,35.60234267,269.92
105,110.64765924,35.60234255,269.92
106,110.64754860,35.60234243,269.92
107,110.64743795,35.60234231,179.92
108,110.64743796,35.60233329,89.92
109,110.64754861,35.60233341,89.92
110,110.64765926,35.60233353,89.92
111,110.64776991,35.60233365,179.93
112,110.64776992,35.60232463,269.92
113,110.64765927,35.60232451,269.92
114,110.64754863,35.60232440,269.92
115,110.64743798,35.60232428,179.92
116,110.64743799,35.60231526,89.92
117,110.64754864,35.60231538,89.92
118,110.64765929,35.60231550,89.92
119,110.64776994,35.60231562,179.93
120,110.64776995,35.60230660,269.92
121,110.64765930,35.60230648,269.92
122,110.64754865,35.60230636,269.92
123,110.64743801,35.60230624,179.92
124,110.64743802,35.60229723,89.92
125,110.64754867,35.60229735,89.92
126,110.64765932,35.60229746,89.92
127,110.64776996,35.60229758,179.93
128,110.64776997,35.60229202,269.92
129,110.64765933,35.60229190,269.92
130,110.64754868,35.60229178,269.92
131,110.64743803,35.60229166,89.92
132,110.64754868,35.60229178,89.92
133,110.64765933,35.60229190,89.92
134,110.64776997,35.60229202,153.43
#bridge_22-23B
135,110.64777219,35.60228841,179.65
136,110.64777282,35.60220492,179.65
137,110.64777345,35.60212143,269.55
#bridge_22-23B_mid
138,110.64764767,35.60212063,269.55
139,110.64752190,35.60211983,269.55
140,110.64739613,35.60211904,269.55
#E23_small_block
141,110.64727036,35.60211824,270.27
142,110.64720611,35.60211849,0.27
143,110.64720616,35.60212750,90.27
144,110.64727041,35.60212725,127.74
#E23
145,110.64728566,35.60211765,89.58
146,110.64744752,35.60211861,89.58
147,110.64760938,35.60211956,89.58
148,110.64777124,35.60212052,359.59
149,110.64777118,35.60212796,269.58
150,110.64760931,35.60212701,269.58
151,110.64744745,35.60212605,269.58
152,110.64728559,35.60212510,359.59
153,110.64728551,35.60213412,89.58
154,110.64744737,35.60213507,89.58
155,110.64760923,35.60213602,89.58
156,110.64777110,35.60213698,359.59
157,110.64777102,35.60214599,269.58
158,110.64760915,35.60214504,269.58
159,110.64744729,35.60214409,269.58
160,110.64728543,35.60214313,359.59
161,110.64728535,35.60215215,89.58
162,110.64744721,35.60215310,89.58
163,110.64760908,35.60215406,89.58
164,110.64777094,35.60215501,359.59
165,110.64777086,35.60216403,269.58
166,110.64760900,35.60216307,269.58
167,110.64744713,35.60216212,269.58
168,110.64728527,35.60216116,359.59
169,110.64728519,35.60217018,89.58
170,110.64744706,35.60217113,89.58
171,110.64760892,35.60217209,89.58
172,110.64777078,35.60217304,359.59
173,110.64777070,35.60218206,269.58
174,110.64760884,35.60218111,269.58
175,110.64744698,35.60218015,269.58
176,110.64728511,35.60217920,89.32
#E23_mid
177,110.64744770,35.60218076,89.32
178,110.64761029,35.60218232,89.32
#bridge_23-24B
179,110.64777288,35.60218388,179.83
180,110.64777326,35.60207866,224.23
#E24
181,110.64777107,35.60207683,269.51
182,110.64762982,35.60207586,269.51
183,110.64748857,35.60207488,269.51
184,110.64734731,35.60207390,269.51
185,110.64720606,35.60207292,179.52
186,110.64720615,35.60206391,89.51
187,110.64734741,35.60206488,89.51
188,110.64748866,35.60206586,89.51
189,110.64762991,35.60206684,89.51
190,110.64777117,35.60206782,179.52
191,110.64777126,35.60205880,269.51
192,110.64763001,35.60205782,269.51
193,110.64748875,35.60205685,269.51
194,110.64734750,35.60205587,269.51
195,110.64720625,35.60205489,179.52
196,110.64720634,35.60204587,89.51
197,110.64734759,35.60204685,89.51
198,110.64748885,35.60204783,89.51
199,110.64763010,35.60204881,89.51
200,110.64777136,35.60204979,179.52
201,110.64777145,35.60204077,269.51
202,110.64763020,35.60203979,269.51
203,110.64748894,35.60203881,269.51
204,110.64734769,35.60203784,269.51
205,110.64720643,35.60203686,179.52
206,110.64720653,35.60202784,89.51
207,110.64734778,35.60202882,89.51
208,110.64748904,35.60202980,89.51
209,110.64763029,35.60203078,89.51
210,110.64777154,35.60203175,179.52
211,110.64777164,35.60202274,269.51
212,110.64763038,35.60202176,269.51
213,110.64748913,35.60202078,269.51
214,110.64734788,35.60201980,269.51
215,110.64720662,35.60201882,179.52
216,110.64720672,35.60200981,89.51
217,110.64734797,35.60201079,89.51
218,110.64748922,35.60201177,89.51
219,110.64763048,35.60201274,89.51
220,110.64777173,35.60201372,179.52
221,110.64777182,35.60200470,269.51
222,110.64763057,35.60200373,269.51
223,110.64748932,35.60200275,269.51
224,110.64734806,35.60200177,269.51
225,110.64720681,35.60200079,179.52
226,110.64720690,35.60199178,89.51
227,110.64734816,35.60199275,89.51
228,110.64748941,35.60199373,89.51
229,110.64763066,35.60199471,89.51
230,110.64777192,35.60199569,179.52
231,110.64777201,35.60198667,269.51
232,110.64763076,35.60198569,269.51
233,110.64748950,35.60198472,269.51
234,110.64734825,35.60198374,269.51
235,110.64720700,35.60198276,179.52
236,110.64720709,35.60197374,89.51
237,110.64734834,35.60197472,89.51
238,110.64748960,35.60197570,89.51
239,110.64763085,35.60197668,89.51
240,110.64777210,35.60197766,179.52
241,110.64777220,35.60196864,269.51
242,110.64763094,35.60196766,269.51
243,110.64748969,35.60196668,269.51
244,110.64734844,35.60196571,269.51
245,110.64720718,35.60196473,179.52
246,110.64720728,35.60195571,89.51
247,110.64734853,35.60195669,89.51
248,110.64748978,35.60195767,89.51
249,110.64763104,35.60195865,89.51
250,110.64777229,35.60195962,179.52
251,110.64777238,35.60195061,269.51
252,110.64763113,35.60194963,269.51
253,110.64748988,35.60194865,269.51
254,110.64734862,35.60194767,269.51
255,110.64720737,35.60194670,179.52
256,110.64720746,35.60193768,89.51
257,110.64734872,35.60193866,89.51
258,110.64748997,35.60193964,89.51
259,110.64763122,35.60194061,89.51
260,110.64777248,35.60194159,179.52
261,110.64777257,35.60193258,269.51
262,110.64763132,35.60193160,269.51
263,110.64749006,35.60193062,269.51
264,110.64734881,35.60192964,269.51
265,110.64720756,35.60192866,89.51
266,110.64734881,35.60192964,89.51
267,110.64749006,35.60193062,89.51
268,110.64763132,35.60193160,89.51
269,110.64777257,35.60193258,178.11
#bridge_E24A-E24D_stop
270,110.64777258,35.60193237,269.62
271,110.64763298,35.60193162,269.62
272,110.64749338,35.60193087,269.62
273,110.64735378,35.60193012,269.62
274,110.64721418,35.60192937,285.95
#bridge_front1-W24C
275,110.64720157,35.60193230,268.76
276,110.64718479,35.60193201,284.14
#W24
277,110.64717818,35.60193336,269.87
278,110.64703693,35.60193310,269.87
279,110.64689567,35.60193284,269.87
280,110.64675441,35.60193259,269.87
281,110.64661315,35.60193233,359.87
282,110.64661312,35.60194134,89.87
283,110.64675438,35.60194160,89.87
284,110.64689564,35.60194186,89.87
285,110.64703690,35.60194212,89.87
286,110.64717816,35.60194238,359.87
287,110.64717813,35.60195139,269.87
288,110.64703688,35.60195114,269.87
289,110.64689562,35.60195088,269.87
290,110.64675436,35.60195062,269.87
291,110.64661310,35.60195036,359.87
292,110.64661307,35.60195938,89.87
293,110.64675433,35.60195963,89.87
294,110.64689559,35.60195989,89.87
295,110.64703685,35.60196015,89.87
296,110.64717811,35.60196041,359.87
297,110.64717809,35.60196943,269.87
298,110.64703683,35.60196917,269.87
299,110.64689557,35.60196891,269.87
300,110.64675431,35.60196865,269.87
301,110.64661305,35.60196839,359.87
302,110.64661302,35.60197741,89.87
303,110.64675428,35.60197767,89.87
304,110.64689554,35.60197793,89.87
305,110.64703680,35.60197818,89.87
306,110.64717806,35.60197844,359.87
307,110.64717804,35.60198746,269.87
308,110.64703678,35.60198720,269.87
309,110.64689552,35.60198694,269.87
310,110.64675426,35.60198668,269.87
311,110.64661300,35.60198642,359.87
312,110.64661297,35.60199544,89.87
313,110.64675423,35.60199570,89.87
314,110.64689549,35.60199596,89.87
315,110.64703675,35.60199622,89.87
316,110.64717801,35.60199648,359.87
317,110.64717799,35.60200549,269.87
318,110.64703673,35.60200523,269.87
319,110.64689547,35.60200498,269.87
320,110.64675421,35.60200472,269.87
321,110.64661295,35.60200446,359.87
322,110.64661293,35.60201347,89.87
323,110.64675418,35.60201373,89.87
324,110.64689544,35.60201399,89.87
325,110.64703670,35.60201425,89.87
326,110.64717796,35.60201451,359.87
327,110.64717794,35.60202352,269.87
328,110.64703668,35.60202327,269.87
329,110.64689542,35.60202301,269.87
330,110.64675416,35.60202275,269.87
331,110.64661290,35.60202249,359.87
332,110.64661288,35.60203151,89.87
333,110.64675413,35.60203177,89.87
334,110.64689539,35.60203202,89.87
335,110.64703665,35.60203228,89.87
336,110.64717791,35.60203254,359.87
337,110.64717789,35.60204156,269.87
338,110.64703663,35.60204130,269.87
339,110.64689537,35.60204104,269.87
340,110.64675411,35.60204078,269.87
341,110.64661285,35.60204052,359.87
342,110.64661283,35.60204954,89.87
343,110.64675409,35.60204980,89.87
344,110.64689534,35.60205006,89.87
345,110.64703660,35.60205032,89.87
346,110.64717786,35.60205057,359.87
347,110.64717784,35.60205959,269.87
348,110.64703658,35.60205933,269.87
349,110.64689532,35.60205907,269.87
350,110.64675406,35.60205881,269.87
351,110.64661280,35.60205856,359.87
352,110.64661278,35.60206757,89.87
353,110.64675404,35.60206783,89.87
354,110.64689530,35.60206809,89.87
355,110.64703655,35.60206835,89.87
356,110.64717781,35.60206861,359.87
357,110.64717779,35.60207734,269.87
358,110.64703653,35.60207709,269.87
359,110.64689527,35.60207683,269.87
360,110.64675401,35.60207657,269.87
361,110.64661275,35.60207631,180.58
#W24_mid
362,110.64661185,35.60200341,180.58
#back_W24B-W24C
363,110.64661094,35.60193052,89.82
364,110.64675386,35.60193089,89.82
365,110.64689677,35.60193125,89.82
366,110.64703969,35.60193162,89.82
367,110.64718260,35.60193199,93.27
#back_E24D-24A
368,110.64723626,35.60192949,89.62
369,110.64736979,35.60193021,89.62
370,110.64750331,35.60193092,89.62
371,110.64763684,35.60193164,89.62
372,110.64777037,35.60193235,0.91
#back_E24D-24A_mid
373,110.64777182,35.60200641,0.91
#back_24B-23A
374,110.64777326,35.60208047,0.27
375,110.64777347,35.60211693,359.60
#back_23B-22A
376,110.64777288,35.60218568,359.69
377,110.64777219,35.60228841,359.92
#back_22B-21A
378,110.64777198,35.60240938,359.19
379,110.64777145,35.60244013,359.92
#back_21B-20A
380,110.64777124,35.60256079,359.70
381,110.64777056,35.60266475,359.79
#back_21B-20A_mid
382,110.64777017,35.60275090,359.79
#back_20B-19A
383,110.64776978,35.60283705,359.24
384,110.64776929,35.60286748,359.86
#back_20B-19A_mid
385,110.64776892,35.60298481,359.86
#back_19B-18A
386,110.64776856,35.60310213,359.95
387,110.64776846,35.60320281,359.76
#back_18B-17A
388,110.64776811,35.60327155,359.67
389,110.64776787,35.60330498,359.67
#back_18B-17A_mid
390,110.64776737,35.60337546,359.67
#back_17B-16A
391,110.64776688,35.60344595,0.25
392,110.64776700,35.60346820,359.84
#back_17B-16A_mid
393,110.64776675,35.60353887,359.84
#back_16B-15A
394,110.64776650,35.60360954,359.77
395,110.64776596,35.60371885,359.89
#back_15B-14A
396,110.64776569,35.60382893,0.61
397,110.64776612,35.60386212,359.58
#back_15B-14A_mid
398,110.64776529,35.60395352,359.58
#back_14B-13A
399,110.64776446,35.60404492,359.72
400,110.64776382,35.60415299,359.88
#back_13B-12A
401,110.64776354,35.60426312,359.99
402,110.64776353,35.60429183,359.83
#back_12B-11A
403,110.64776305,35.60442280,359.55
404,110.64776204,35.60452659,359.90
#back_12B-11A_mid
405,110.64776179,35.60463881,359.90
#back_11B-10A
406,110.64776154,35.60475104,359.63
407,110.64776073,35.60485201,359.73
#back_11B-10A_mid
408,110.64776031,35.60492667,359.73
#back_9A-8B
409,110.64775988,35.60500133,359.87
410,110.64775953,35.60512645,359.87
411,110.64775919,35.60525156,359.65
#back_7A-7bA
412,110.64775890,35.60528965,269.85
413,110.64764505,35.60528941,269.85
414,110.64753119,35.60528916,269.85
415,110.64741733,35.60528891,359.17
#back_7A-7bA_mid
416,110.64741574,35.60537855,359.17
#back_7bB-6A
417,110.64741415,35.60546819,2.22
418,110.64741576,35.60550179,359.89
#back_7bB-6A_mid
419,110.64741554,35.60559321,359.89
#back_6B-5A
420,110.64741532,35.60568464,359.97
421,110.64741529,35.60571664,359.77
#back_6B-5A_mid
422,110.64741484,35.60580805,359.77
#back_5B-4A
423,110.64741439,35.60589947,0.21
424,110.64741454,35.60593246,0.21
