序号,经度,纬度,航向角(度)
#bridge_5B-6B
1,110.64741439,35.60589766,179.80
2,110.64741485,35.60579115,179.80
3,110.64741531,35.60568464,179.89
#bridge_5B-6B_mid
4,110.64741554,35.60559321,179.89
#bridge_6A-7bB
5,110.64741576,35.60550179,182.22
6,110.64741415,35.60546819,179.17
#bridge_6A-7bB_mid
7,110.64741574,35.60537855,179.17
#bridge_7bA-7A
8,110.64741733,35.60528891,89.85
9,110.64753119,35.60528916,89.85
10,110.64764505,35.60528941,89.85
11,110.64775890,35.60528965,179.65
#bridge_8B-9A
12,110.64775919,35.60525156,179.87
13,110.64775953,35.60512645,179.87
14,110.64775988,35.60500133,179.04
#bridge_8B-9A_mid
15,110.64776141,35.60492668,179.04
#bridge_10A-11B
16,110.64776294,35.60485202,179.63
17,110.64776375,35.60475105,180.36
#bridge_10A-11B_mid
18,110.64776289,35.60463882,180.36
#bridge_11A-12B
19,110.64776204,35.60452659,179.55
20,110.64776305,35.60442280,179.83
#bridge_12A-13B
21,110.64776353,35.60429183,179.99
22,110.64776354,35.60426312,179.88
#bridge_13A-14B
23,110.64776382,35.60415299,179.72
24,110.64776446,35.60404492,179.58
#bridge_13A-14B_mid
25,110.64776529,35.60395352,179.58
#bridge_14A-15B
26,110.64776612,35.60386212,180.61
27,110.64776569,35.60382893,179.89
#bridge_15A-16B
28,110.64776596,35.60371885,179.77
29,110.64776650,35.60360954,179.84
#bridge_15A-16B_mid
30,110.64776675,35.60353887,179.84
#bridge_16A-17B
31,110.64776700,35.60346820,180.25
32,110.64776688,35.60344595,179.67
#bridge_16A-17B_mid
33,110.64776737,35.60337546,179.67
#bridge_17A-18B
34,110.64776787,35.60330498,179.67
35,110.64776811,35.60327155,179.76
#bridge_18A-19B
36,110.64776846,35.60320281,179.95
37,110.64776856,35.60310213,179.86
#bridge_18A-19B_mid
38,110.64776892,35.60298481,179.86
#bridge_19A-20B
39,110.64776929,35.60286748,179.24
40,110.64776978,35.60283705,179.79
#bridge_19A-20B_mid
41,110.64777017,35.60275090,179.79
#bridge_20A-21B
42,110.64777056,35.60266475,179.70
43,110.64777124,35.60256079,179.92
#bridge_21A-22B
44,110.64777145,35.60244013,179.19
45,110.64777198,35.60240938,179.92
#bridge_22A-23B
46,110.64777219,35.60228841,179.69
47,110.64777288,35.60218568,179.60
#bridge_23A-24B
48,110.64777347,35.60211693,180.27
49,110.64777326,35.60208047,180.21
#bridge_23A-24B_mid
50,110.64777292,35.60200642,180.21
#bridge_24A-E24D
51,110.64777258,35.60193237,269.62
52,110.64763298,35.60193162,269.62
53,110.64749338,35.60193087,269.62
54,110.64735378,35.60193012,269.62
55,110.64721418,35.60192937,285.95
#bridge_front1-W24C
56,110.64720157,35.60193230,268.76
57,110.64718479,35.60193201,269.29
#bridge_W24C-W24B
58,110.64718260,35.60193199,269.82
59,110.64703969,35.60193162,269.82
60,110.64689677,35.60193125,269.82
61,110.64675386,35.60193089,269.82
62,110.64661094,35.60193052,359.87
#bridge_W24C-W24B_mid
63,110.64661073,35.60200522,359.87
#bridge_24A-23s_start
64,110.64661052,35.60207992,359.20
65,110.64660990,35.60211599,89.72
#bridge_24A-23s_start_mid
66,110.64673574,35.60211649,89.72
67,110.64686158,35.60211700,89.72
68,110.64698742,35.60211751,89.72
#W23_small_block
69,110.64711326,35.60211801,91.03
70,110.64717743,35.60211708,1.02
71,110.64717763,35.60212609,271.03
72,110.64711345,35.60212703,234.45
#W23_mid_long_block
73,110.64709794,35.60211801,359.64
74,110.64709738,35.60218924,269.63
75,110.64708634,35.60218918,179.64
76,110.64708690,35.60211795,269.63
77,110.64707586,35.60211790,359.64
78,110.64707530,35.60218912,269.63
79,110.64706426,35.60218906,179.64
80,110.64706482,35.60211784,269.63
81,110.64705378,35.60211778,359.64
82,110.64705322,35.60218901,269.63
83,110.64704218,35.60218895,179.64
84,110.64704274,35.60211773,269.63
85,110.64703170,35.60211767,359.64
86,110.64703114,35.60218889,269.63
87,110.64702010,35.60218883,179.64
88,110.64702066,35.60211761,269.63
89,110.64700962,35.60211755,359.64
90,110.64700906,35.60218878,269.63
91,110.64699802,35.60218872,179.64
92,110.64699858,35.60211750,269.63
93,110.64698754,35.60211744,359.64
94,110.64698698,35.60218866,269.63
95,110.64697594,35.60218860,179.64
96,110.64697650,35.60211738,269.63
97,110.64696546,35.60211732,359.64
98,110.64696490,35.60218855,269.63
99,110.64695386,35.60218849,179.64
100,110.64695442,35.60211727,256.64
#W23
101,110.64694152,35.60211477,269.87
102,110.64677684,35.60211448,269.87
103,110.64661216,35.60211418,359.87
104,110.64661213,35.60212319,89.87
105,110.64677681,35.60212349,89.87
106,110.64694149,35.60212379,359.87
107,110.64694147,35.60213281,269.87
108,110.64677679,35.60213251,269.87
109,110.64661211,35.60213221,359.87
110,110.64661208,35.60214123,89.87
111,110.64677676,35.60214152,89.87
112,110.64694144,35.60214182,359.87
113,110.64694142,35.60215084,269.87
114,110.64677674,35.60215054,269.87
115,110.64661206,35.60215024,359.87
116,110.64661203,35.60215926,89.87
117,110.64677671,35.60215956,89.87
118,110.64694139,35.60215985,359.87
119,110.64694137,35.60216887,269.87
120,110.64677669,35.60216857,269.87
121,110.64661201,35.60216828,359.87
122,110.64661199,35.60217729,89.87
123,110.64677667,35.60217759,89.87
124,110.64694135,35.60217789,269.87
125,110.64677667,35.60217759,269.87
126,110.64661199,35.60217729,334.05
#bridge_23-22A
127,110.64660977,35.60218100,359.81
128,110.64660932,35.60228859,359.81
129,110.64660888,35.60239619,89.43
#bridge_23-22A_mid
130,110.64677143,35.60239751,89.43
131,110.64693398,35.60239884,89.43
#W22_long_block
132,110.64709652,35.60240016,179.73
133,110.64709725,35.60227642,269.73
134,110.64708621,35.60227637,359.73
135,110.64708548,35.60240012,269.73
136,110.64707444,35.60240008,179.73
137,110.64707517,35.60227633,269.73
138,110.64706413,35.60227629,359.73
139,110.64706340,35.60240003,269.73
140,110.64705236,35.60239999,179.73
141,110.64705309,35.60227624,269.73
142,110.64704205,35.60227620,359.73
143,110.64704132,35.60239995,269.73
144,110.64703028,35.60239991,179.73
145,110.64703101,35.60227616,269.73
146,110.64701997,35.60227612,359.73
147,110.64701924,35.60239986,269.73
148,110.64700820,35.60239982,179.73
149,110.64700893,35.60227607,269.73
150,110.64699789,35.60227603,359.73
151,110.64699716,35.60239978,269.73
152,110.64698612,35.60239973,179.73
153,110.64698685,35.60227599,269.73
154,110.64697581,35.60227594,359.73
155,110.64697508,35.60239969,269.73
156,110.64696404,35.60239965,179.73
157,110.64696477,35.60227590,269.73
158,110.64695373,35.60227586,359.73
159,110.64695300,35.60239960,185.39
#W22
160,110.64694096,35.60229594,269.85
161,110.64677619,35.60229558,269.85
162,110.64661142,35.60229522,359.85
163,110.64661139,35.60230423,89.85
164,110.64677616,35.60230460,89.85
165,110.64694093,35.60230496,359.85
166,110.64694091,35.60231397,269.85
167,110.64677613,35.60231361,269.85
168,110.64661136,35.60231325,359.85
169,110.64661133,35.60232227,89.85
170,110.64677610,35.60232263,89.85
171,110.64694088,35.60232299,359.85
172,110.64694085,35.60233201,269.85
173,110.64677607,35.60233164,269.85
174,110.64661130,35.60233128,359.85
175,110.64661127,35.60234030,89.85
176,110.64677604,35.60234066,89.85
177,110.64694082,35.60234102,359.85
178,110.64694079,35.60235004,269.85
179,110.64677601,35.60234968,269.85
180,110.64661124,35.60234932,359.85
181,110.64661121,35.60235833,89.85
182,110.64677598,35.60235869,89.85
183,110.64694076,35.60235906,359.85
184,110.64694073,35.60236807,269.85
185,110.64677595,35.60236771,269.85
186,110.64661118,35.60236735,359.85
187,110.64661115,35.60237637,89.85
188,110.64677592,35.60237673,89.85
189,110.64694070,35.60237709,359.85
190,110.64694067,35.60238610,269.85
191,110.64677590,35.60238574,269.85
192,110.64661112,35.60238538,359.85
193,110.64661109,35.60239440,89.85
194,110.64677587,35.60239476,89.85
195,110.64694064,35.60239512,269.85
196,110.64677587,35.60239476,269.85
197,110.64661109,35.60239440,345.84
#bridge_22-21A
198,110.64660886,35.60240160,359.72
199,110.64660839,35.60248088,359.72
200,110.64660792,35.60256016,178.88
#W21
201,110.64661088,35.60243692,89.71
202,110.64677280,35.60243758,89.71
203,110.64693471,35.60243824,89.71
204,110.64709663,35.60243890,359.72
205,110.64709657,35.60244792,269.71
206,110.64693466,35.60244726,269.71
207,110.64677274,35.60244660,269.71
208,110.64661083,35.60244594,359.72
209,110.64661077,35.60245495,89.71
210,110.64677269,35.60245561,89.71
211,110.64693460,35.60245627,89.71
212,110.64709652,35.60245693,359.72
213,110.64709646,35.60246595,269.71
214,110.64693455,35.60246529,269.71
215,110.64677263,35.60246463,269.71
216,110.64661072,35.60246397,359.72
217,110.64661066,35.60247299,89.71
218,110.64677258,35.60247365,89.71
219,110.64693449,35.60247431,89.71
220,110.64709641,35.60247497,359.72
221,110.64709635,35.60248398,269.71
222,110.64693444,35.60248332,269.71
223,110.64677252,35.60248266,269.71
224,110.64661061,35.60248200,359.72
225,110.64661055,35.60249102,89.71
226,110.64677247,35.60249168,89.71
227,110.64693438,35.60249234,89.71
228,110.64709630,35.60249300,359.72
229,110.64709624,35.60250201,269.71
230,110.64693433,35.60250136,269.71
231,110.64677241,35.60250070,269.71
232,110.64661050,35.60250004,359.72
233,110.64661044,35.60250905,89.71
234,110.64677236,35.60250971,89.71
235,110.64693427,35.60251037,89.71
236,110.64709619,35.60251103,359.72
237,110.64709613,35.60252005,269.71
238,110.64693422,35.60251939,269.71
239,110.64677230,35.60251873,269.71
240,110.64661039,35.60251807,359.72
241,110.64661033,35.60252709,89.71
242,110.64677225,35.60252774,89.71
243,110.64693416,35.60252840,89.71
244,110.64709608,35.60252906,359.72
245,110.64709602,35.60253808,269.71
246,110.64693411,35.60253742,269.71
247,110.64677219,35.60253676,269.71
248,110.64661028,35.60253610,359.72
249,110.64661022,35.60254512,89.71
250,110.64677214,35.60254578,89.71
251,110.64693405,35.60254644,89.71
252,110.64709597,35.60254710,359.72
253,110.64709591,35.60255611,269.71
254,110.64693400,35.60255545,269.71
255,110.64677208,35.60255479,269.71
256,110.64661017,35.60255413,359.72
257,110.64661013,35.60256017,89.71
258,110.64677204,35.60256082,89.71
259,110.64693396,35.60256148,89.71
260,110.64709588,35.60256214,269.71
261,110.64693396,35.60256148,269.71
262,110.64677204,35.60256082,269.71
263,110.64661013,35.60256017,333.26
#bridge_21-20A
264,110.64660790,35.60256376,359.83
265,110.64660741,35.60269897,359.83
266,110.64660692,35.60283418,89.71
#bridge_21-20A_mid
267,110.64676940,35.60283485,89.71
268,110.64693187,35.60283552,89.71
#W20_long_block
269,110.64709435,35.60283618,179.97
270,110.64709440,35.60274337,179.97
271,110.64709446,35.60265056,269.97
272,110.64708342,35.60265055,359.97
273,110.64708336,35.60274337,359.97
274,110.64708331,35.60283618,269.97
275,110.64707227,35.60283617,179.97
276,110.64707232,35.60274336,179.97
277,110.64707238,35.60265055,269.97
278,110.64706134,35.60265054,359.97
279,110.64706128,35.60274336,359.97
280,110.64706123,35.60283617,269.97
281,110.64705019,35.60283617,179.97
282,110.64705024,35.60274335,179.97
283,110.64705030,35.60265054,269.97
284,110.64703926,35.60265053,359.97
285,110.64703920,35.60274335,359.97
286,110.64703915,35.60283616,269.97
287,110.64702811,35.60283616,179.97
288,110.64702816,35.60274334,179.97
289,110.64702822,35.60265053,269.97
290,110.64701718,35.60265053,359.97
291,110.64701712,35.60274334,359.97
292,110.64701707,35.60283615,269.97
293,110.64700603,35.60283615,179.97
294,110.64700608,35.60274334,179.97
295,110.64700614,35.60265052,269.97
296,110.64699510,35.60265052,359.97
297,110.64699504,35.60274333,359.97
298,110.64699499,35.60283615,269.97
299,110.64698395,35.60283614,179.97
300,110.64698400,35.60274333,179.97
301,110.64698406,35.60265051,269.97
302,110.64697302,35.60265051,359.97
303,110.64697296,35.60274332,359.97
304,110.64697291,35.60283614,269.97
305,110.64696187,35.60283613,179.97
306,110.64696192,35.60274332,179.97
307,110.64696198,35.60265051,269.97
308,110.64695094,35.60265050,359.97
309,110.64695088,35.60274332,359.97
310,110.64695083,35.60283613,183.53
#W20_long_block_mid
311,110.64694455,35.60275347,183.53
#W20
312,110.64693828,35.60267082,269.99
313,110.64677371,35.60267079,269.99
314,110.64660915,35.60267076,359.99
315,110.64660915,35.60267978,89.99
316,110.64677371,35.60267980,89.99
317,110.64693828,35.60267983,359.99
318,110.64693827,35.60268885,269.99
319,110.64677371,35.60268882,269.99
320,110.64660915,35.60268879,359.99
321,110.64660914,35.60269781,89.99
322,110.64677371,35.60269784,89.99
323,110.64693827,35.60269786,359.99
324,110.64693827,35.60270688,269.99
325,110.64677371,35.60270685,269.99
326,110.64660914,35.60270683,359.99
327,110.64660914,35.60271584,89.99
328,110.64677370,35.60271587,89.99
329,110.64693827,35.60271590,359.99
330,110.64693826,35.60272491,269.99
331,110.64677370,35.60272489,269.99
332,110.64660914,35.60272486,359.99
333,110.64660914,35.60273388,89.99
334,110.64677370,35.60273390,89.99
335,110.64693826,35.60273393,359.99
336,110.64693826,35.60274295,269.99
337,110.64677370,35.60274292,269.99
338,110.64660913,35.60274289,359.99
339,110.64660913,35.60275191,89.99
340,110.64677369,35.60275194,89.99
341,110.64693826,35.60275196,359.99
342,110.64693826,35.60276098,269.99
343,110.64677369,35.60276095,269.99
344,110.64660913,35.60276092,359.99
345,110.64660913,35.60276994,89.99
346,110.64677369,35.60276997,89.99
347,110.64693825,35.60277000,359.99
348,110.64693825,35.60277901,269.99
349,110.64677369,35.60277899,269.99
350,110.64660912,35.60277896,359.99
351,110.64660912,35.60278797,89.99
352,110.64677369,35.60278800,89.99
353,110.64693825,35.60278803,359.99
354,110.64693825,35.60279705,269.99
355,110.64677368,35.60279702,269.99
356,110.64660912,35.60279699,359.99
357,110.64660912,35.60280601,89.99
358,110.64677368,35.60280603,89.99
359,110.64693824,35.60280606,359.99
360,110.64693824,35.60281508,269.99
361,110.64677368,35.60281505,269.99
362,110.64660912,35.60281502,359.99
363,110.64660911,35.60282404,89.99
364,110.64677368,35.60282407,89.99
365,110.64693824,35.60282409,359.99
366,110.64693824,35.60283311,269.99
367,110.64677367,35.60283308,269.99
368,110.64660911,35.60283306,344.60
#back_W20A-W19B_stop
369,110.64660690,35.60283959,359.73
370,110.64660672,35.60286926,359.78
#back_W20A-W19B_stop_mid
371,110.64660616,35.60298656,359.78
#back_W19A-W17B
372,110.64660559,35.60310386,359.87
373,110.64660532,35.60320192,359.87
374,110.64660506,35.60329998,359.93
#back_W19A-W17B_mid
375,110.64660495,35.60337064,359.93
#back_W17A-W15B
376,110.64660484,35.60344130,359.76
377,110.64660425,35.60355398,359.76
378,110.64660366,35.60366665,359.85
#back_W17A-W15B_mid
379,110.64660340,35.60374759,359.85
#back_W15A-W14B
380,110.64660314,35.60382853,358.52
381,110.64660210,35.60386115,359.99
#back_W15A-W14B_mid
382,110.64660207,35.60395253,359.99
#back_W14A-W12B
383,110.64660205,35.60404391,359.97
384,110.64660197,35.60416780,359.97
385,110.64660189,35.60429169,359.66
#back_W12A-W11B
386,110.64660093,35.60442273,359.86
387,110.64660063,35.60452481,359.69
#back_W12A-W11B_mid
388,110.64659987,35.60463688,359.69
#back_W11A-W10A
389,110.64659912,35.60474895,359.81
390,110.64659867,35.60485881,359.81
391,110.64659821,35.60496866,89.66
#back_W11A-W10A_mid
392,110.64671267,35.60496922,89.66
393,110.64682712,35.60496977,89.66
#back_W10bA-W9B
394,110.64694158,35.60497033,0.31
395,110.64694184,35.60500899,90.81
#back_W9-E9
396,110.64708640,35.60500732,90.02
397,110.64717973,35.60500729,90.02
398,110.64727306,35.60500726,90.86
#back_W9-E9_mid
399,110.64743534,35.60500528,90.86
400,110.64759761,35.60500331,90.86
#back_9A-8B
401,110.64775988,35.60500133,359.87
402,110.64775953,35.60512645,359.87
403,110.64775919,35.60525156,359.65
#back_7A-7bA
404,110.64775890,35.60528965,269.85
405,110.64764505,35.60528941,269.85
406,110.64753119,35.60528916,269.85
407,110.64741733,35.60528891,359.17
#back_7A-7bA_mid
408,110.64741574,35.60537855,359.17
#back_7bB-6A
409,110.64741415,35.60546819,2.22
410,110.64741576,35.60550179,359.89
#back_7bB-6A_mid
411,110.64741554,35.60559321,359.89
#back_6B-5A
412,110.64741532,35.60568464,359.97
413,110.64741529,35.60571664,359.77
#back_6B-5A_mid
414,110.64741484,35.60580805,359.77
#back_5B-4A
415,110.64741439,35.60589947,0.21
416,110.64741454,35.60593246,0.21
