序号,经度,纬度,航向角(度)
#bridge_5B-6B
1,110.64741439,35.60589766,179.80
2,110.64741485,35.60579115,179.80
3,110.64741531,35.60568464,179.89
#bridge_5B-6B_mid
4,110.64741554,35.60559321,179.89
#bridge_6A-7bB
5,110.64741576,35.60550179,182.22
6,110.64741415,35.60546819,179.17
#bridge_6A-7bB_mid
7,110.64741574,35.60537855,179.17
#bridge_7bA-7A
8,110.64741733,35.60528891,89.85
9,110.64752972,35.60528915,89.85
10,110.64764210,35.60528940,89.85
11,110.64775449,35.60528965,155.73
#bridge_8B-9A
12,110.64775910,35.60528132,179.87
13,110.64775946,35.60515124,179.87
14,110.64775982,35.60502117,233.14
#bridge-E9-W9
15,110.64773676,35.60500711,270.02
16,110.64757417,35.60500716,270.02
17,110.64741158,35.60500721,270.02
18,110.64724899,35.60500726,270.02
19,110.64708640,35.60500732,265.99
#bridge_9B-10bA
20,110.64694177,35.60499907,180.31
21,110.64694165,35.60498024,224.86
#bridge_10bA-10A
22,110.64693944,35.60497844,269.66
23,110.64682900,35.60497790,269.66
24,110.64671856,35.60497736,269.66
25,110.64660812,35.60497683,183.26
#bridge_10B-11A
26,110.64659908,35.60484768,179.94
27,110.64659922,35.60473862,179.69
#bridge_10B-11A_mid
28,110.64659993,35.60463171,179.69
#bridge_W11B-W12A
29,110.64660063,35.60452481,179.86
30,110.64660093,35.60442273,179.66
#bridge_W12B-W14A
31,110.64660189,35.60429169,179.97
32,110.64660197,35.60416780,179.97
33,110.64660205,35.60404391,179.99
#bridge_W12B-W14A_mid
34,110.64660207,35.60395253,179.99
#bridge_W14B-W15A
35,110.64660210,35.60386115,178.52
36,110.64660314,35.60382853,179.85
#bridge_W14B-W15A_mid
37,110.64660340,35.60374759,179.85
#bridge_W15B-W17A
38,110.64660366,35.60366665,179.76
39,110.64660425,35.60355398,179.76
40,110.64660484,35.60344130,179.99
#bridge_W15B-W17A_mid
41,110.64660486,35.60332567,179.99
#bridge_W18B-W19B
42,110.64660488,35.60321004,179.75
43,110.64660549,35.60309705,179.75
44,110.64660610,35.60298405,179.75
45,110.64660671,35.60287106,44.66
#W19_start
46,110.64660891,35.60287287,89.77
47,110.64677080,35.60287339,89.77
48,110.64693270,35.60287391,89.77
49,110.64709459,35.60287443,359.78
50,110.64709454,35.60288345,269.77
51,110.64693265,35.60288293,269.77
52,110.64677076,35.60288241,269.77
53,110.64660887,35.60288189,359.78
54,110.64660883,35.60289090,89.77
55,110.64677072,35.60289142,89.77
56,110.64693261,35.60289194,89.77
57,110.64709450,35.60289246,359.78
58,110.64709446,35.60290148,269.77
59,110.64693256,35.60290096,269.77
60,110.64677067,35.60290044,269.77
61,110.64660878,35.60289992,359.78
62,110.64660874,35.60290893,89.77
63,110.64677063,35.60290946,89.77
64,110.64693252,35.60290998,89.77
65,110.64709441,35.60291050,359.78
66,110.64709437,35.60291951,269.77
67,110.64693248,35.60291899,269.77
68,110.64677059,35.60291847,269.77
69,110.64660869,35.60291795,359.78
70,110.64660865,35.60292697,89.77
71,110.64677054,35.60292749,89.77
72,110.64693243,35.60292801,89.77
73,110.64709433,35.60292853,359.78
74,110.64709428,35.60293755,269.77
75,110.64693239,35.60293702,269.77
76,110.64677050,35.60293650,269.77
77,110.64660861,35.60293598,359.78
78,110.64660856,35.60294500,89.77
79,110.64677046,35.60294552,89.77
80,110.64693235,35.60294604,89.77
81,110.64709424,35.60294656,359.78
82,110.64709420,35.60295558,269.77
83,110.64693230,35.60295506,269.77
84,110.64677041,35.60295454,269.77
85,110.64660852,35.60295402,359.78
86,110.64660848,35.60296303,89.77
87,110.64677037,35.60296355,89.77
88,110.64693226,35.60296407,89.77
89,110.64709415,35.60296459,359.78
90,110.64709411,35.60297361,269.77
91,110.64693222,35.60297309,269.77
92,110.64677033,35.60297257,269.77
93,110.64660843,35.60297205,359.78
94,110.64660839,35.60298107,89.77
95,110.64677028,35.60298159,89.77
96,110.64693217,35.60298211,89.77
97,110.64709407,35.60298263,359.78
98,110.64709402,35.60299164,269.77
99,110.64693213,35.60299112,269.77
100,110.64677024,35.60299060,269.77
101,110.64660835,35.60299008,359.78
102,110.64660830,35.60299910,89.77
103,110.64677020,35.60299962,89.77
104,110.64693209,35.60300014,89.77
105,110.64709398,35.60300066,359.78
106,110.64709394,35.60300968,269.77
107,110.64693204,35.60300916,269.77
108,110.64677015,35.60300864,269.77
109,110.64660826,35.60300811,359.78
110,110.64660822,35.60301713,89.77
111,110.64677011,35.60301765,89.77
112,110.64693200,35.60301817,89.77
113,110.64709389,35.60301869,359.78
114,110.64709385,35.60302771,269.77
115,110.64693196,35.60302719,269.77
116,110.64677006,35.60302667,269.77
117,110.64660817,35.60302615,359.78
118,110.64660813,35.60303516,89.77
119,110.64677002,35.60303568,89.77
120,110.64693191,35.60303620,89.77
121,110.64709381,35.60303673,359.78
122,110.64709376,35.60304574,269.77
123,110.64693187,35.60304522,269.77
124,110.64676998,35.60304470,269.77
125,110.64660809,35.60304418,359.78
126,110.64660804,35.60305320,89.77
127,110.64676993,35.60305372,89.77
128,110.64693183,35.60305424,89.77
129,110.64709372,35.60305476,359.78
130,110.64709367,35.60306377,269.77
131,110.64693178,35.60306325,269.77
132,110.64676989,35.60306273,269.77
133,110.64660800,35.60306221,359.78
134,110.64660796,35.60307123,89.77
135,110.64676985,35.60307175,89.77
136,110.64693174,35.60307227,89.77
137,110.64709363,35.60307279,359.78
138,110.64709359,35.60308181,269.77
139,110.64693170,35.60308129,269.77
140,110.64676980,35.60308077,269.77
141,110.64660791,35.60308025,359.78
142,110.64660787,35.60308926,89.77
143,110.64676976,35.60308978,89.77
144,110.64693165,35.60309030,89.77
145,110.64709354,35.60309082,359.78
146,110.64709350,35.60309984,269.77
147,110.64693161,35.60309932,269.77
148,110.64676972,35.60309880,269.77
149,110.64660783,35.60309828,347.59
#bridge_19-18A
150,110.64660558,35.60310656,359.85
151,110.64660533,35.60318521,359.85
152,110.64660508,35.60326386,89.83
#bridge_19-18A_mid
153,110.64676749,35.60326424,89.83
154,110.64692989,35.60326463,89.83
#W18_long_block
155,110.64709230,35.60326501,179.84
156,110.64709254,35.60319361,269.84
157,110.64708199,35.60319359,359.84
158,110.64708175,35.60326499,269.84
159,110.64707071,35.60326496,179.84
160,110.64707095,35.60319356,269.84
161,110.64705991,35.60319354,359.84
162,110.64705967,35.60326494,269.84
163,110.64704863,35.60326491,179.84
164,110.64704887,35.60319351,269.84
165,110.64703783,35.60319349,359.84
166,110.64703759,35.60326489,269.84
167,110.64702655,35.60326486,179.84
168,110.64702679,35.60319347,269.84
169,110.64701575,35.60319344,359.84
170,110.64701551,35.60326484,269.84
171,110.64700447,35.60326481,179.84
172,110.64700471,35.60319342,269.84
173,110.64699367,35.60319339,359.84
174,110.64699343,35.60326479,269.84
175,110.64698239,35.60326476,179.84
176,110.64698263,35.60319337,269.84
177,110.64697159,35.60319334,359.84
178,110.64697135,35.60326474,269.84
179,110.64696031,35.60326472,179.84
180,110.64696055,35.60319332,269.84
181,110.64694951,35.60319329,359.84
182,110.64694927,35.60326469,189.40
#W18
183,110.64693872,35.60321290,270.16
184,110.64682818,35.60321314,270.16
185,110.64671764,35.60321339,270.16
186,110.64660710,35.60321364,0.16
187,110.64660713,35.60322266,90.16
188,110.64671767,35.60322241,90.16
189,110.64682821,35.60322216,90.16
190,110.64693875,35.60322191,0.16
191,110.64693879,35.60323093,270.16
192,110.64682824,35.60323118,270.16
193,110.64671770,35.60323142,270.16
194,110.64660716,35.60323167,0.16
195,110.64660719,35.60324069,90.16
196,110.64671773,35.60324044,90.16
197,110.64682827,35.60324019,90.16
198,110.64693882,35.60323995,0.16
199,110.64693885,35.60324896,270.16
200,110.64682830,35.60324921,270.16
201,110.64671776,35.60324946,270.16
202,110.64660722,35.60324970,0.16
203,110.64660725,35.60325872,90.16
204,110.64671779,35.60325847,90.16
205,110.64682833,35.60325823,90.16
206,110.64693888,35.60325798,0.16
207,110.64693890,35.60326401,270.16
208,110.64682835,35.60326425,270.16
209,110.64671781,35.60326450,270.16
210,110.64660727,35.60326475,333.68
#bridge_W18A-W17B
211,110.64660507,35.60326836,359.98
212,110.64660505,35.60330358,90.08
#bridge_W18A-W17B_mid
213,110.64671994,35.60330346,90.08
214,110.64683482,35.60330333,90.08
#W17_up
215,110.64694971,35.60330321,89.90
216,110.64709383,35.60330341,359.90
217,110.64709381,35.60331243,269.90
218,110.64694969,35.60331222,359.90
219,110.64694967,35.60332124,89.90
220,110.64709379,35.60332144,359.90
221,110.64709377,35.60333046,269.90
222,110.64694965,35.60333026,359.90
223,110.64694963,35.60333927,89.90
224,110.64709376,35.60333948,359.90
225,110.64709374,35.60334849,269.90
226,110.64694961,35.60334829,359.90
227,110.64694959,35.60335731,89.90
228,110.64709372,35.60335751,359.90
229,110.64709370,35.60336652,269.90
230,110.64694957,35.60336632,359.90
231,110.64694955,35.60337534,89.90
232,110.64709368,35.60337554,359.90
233,110.64709366,35.60338456,269.90
234,110.64694953,35.60338436,359.90
235,110.64694952,35.60339337,89.90
236,110.64709364,35.60339357,359.90
237,110.64709362,35.60340259,269.90
238,110.64694950,35.60340239,359.90
239,110.64694948,35.60341140,89.90
240,110.64709360,35.60341161,359.90
241,110.64709358,35.60342062,269.90
242,110.64694946,35.60342042,359.90
243,110.64694944,35.60342944,89.90
244,110.64709357,35.60342964,359.90
245,110.64709355,35.60343709,269.90
246,110.64694942,35.60343689,180.09
#bridge_17upA-17upB
247,110.64694915,35.60330321,269.90
248,110.64694695,35.60330320,271.31
#W17_down
249,110.64690998,35.60330389,269.93
250,110.64675862,35.60330374,269.93
251,110.64660726,35.60330359,359.93
252,110.64660724,35.60331260,89.93
253,110.64675860,35.60331275,89.93
254,110.64690996,35.60331291,359.93
255,110.64690995,35.60332192,269.93
256,110.64675859,35.60332177,269.93
257,110.64660723,35.60332162,359.93
258,110.64660722,35.60333064,89.93
259,110.64675858,35.60333079,89.93
260,110.64690994,35.60333094,359.93
261,110.64690992,35.60333996,269.93
262,110.64675856,35.60333980,269.93
263,110.64660720,35.60333965,359.93
264,110.64660719,35.60334867,89.93
265,110.64675855,35.60334882,89.93
266,110.64690991,35.60334897,359.93
267,110.64690989,35.60335799,269.93
268,110.64675854,35.60335784,269.93
269,110.64660718,35.60335768,359.93
270,110.64660716,35.60336670,89.93
271,110.64675852,35.60336685,89.93
272,110.64690988,35.60336701,359.93
273,110.64690987,35.60337602,269.93
274,110.64675851,35.60337587,269.93
275,110.64660715,35.60337572,359.93
276,110.64660714,35.60338473,89.93
277,110.64675849,35.60338489,89.93
278,110.64690985,35.60338504,359.93
279,110.64690984,35.60339405,269.93
280,110.64675848,35.60339390,269.93
281,110.64660712,35.60339375,359.93
282,110.64660711,35.60340277,89.93
283,110.64675847,35.60340292,89.93
284,110.64690983,35.60340307,359.93
285,110.64690981,35.60341209,269.93
286,110.64675845,35.60341194,269.93
287,110.64660709,35.60341178,359.93
288,110.64660708,35.60342080,89.93
289,110.64675844,35.60342095,89.93
290,110.64690980,35.60342110,359.93
291,110.64690979,35.60343012,269.93
292,110.64675843,35.60342997,269.93
293,110.64660707,35.60342982,359.93
294,110.64660706,35.60343770,89.93
295,110.64675841,35.60343785,89.93
296,110.64690977,35.60343800,269.93
297,110.64675841,35.60343785,269.93
298,110.64660706,35.60343770,333.52
#bridge_17-16B
299,110.64660485,35.60344129,0.46
300,110.64660510,35.60346644,26.37
#W16
301,110.64660731,35.60347006,89.84
302,110.64676903,35.60347042,89.84
303,110.64693076,35.60347078,89.84
304,110.64709249,35.60347114,359.84
305,110.64709246,35.60348016,269.84
306,110.64693073,35.60347980,269.84
307,110.64676900,35.60347944,269.84
308,110.64660728,35.60347908,359.84
309,110.64660725,35.60348810,89.84
310,110.64676897,35.60348846,89.84
311,110.64693070,35.60348882,89.84
312,110.64709243,35.60348918,359.84
313,110.64709240,35.60349819,269.84
314,110.64693067,35.60349783,269.84
315,110.64676894,35.60349747,269.84
316,110.64660722,35.60349711,359.84
317,110.64660719,35.60350613,89.84
318,110.64676891,35.60350649,89.84
319,110.64693064,35.60350685,89.84
320,110.64709237,35.60350721,359.84
321,110.64709234,35.60351623,269.84
322,110.64693061,35.60351587,269.84
323,110.64676888,35.60351551,269.84
324,110.64660716,35.60351515,359.84
325,110.64660713,35.60352416,89.84
326,110.64676885,35.60352452,89.84
327,110.64693058,35.60352488,89.84
328,110.64709230,35.60352524,359.84
329,110.64709227,35.60353426,269.84
330,110.64693055,35.60353390,269.84
331,110.64676882,35.60353354,269.84
332,110.64660710,35.60353318,359.84
333,110.64660707,35.60354220,89.84
334,110.64676879,35.60354256,89.84
335,110.64693052,35.60354291,89.84
336,110.64709224,35.60354327,359.84
337,110.64709221,35.60355229,269.84
338,110.64693049,35.60355193,269.84
339,110.64676876,35.60355157,269.84
340,110.64660704,35.60355121,337.05
#back_W16A-W15B_stop
341,110.64660481,35.60355549,359.52
342,110.64660367,35.60366665,359.85
#back_W16A-W15B_stop_mid
343,110.64660340,35.60374759,359.85
#back_W15A-W14B
344,110.64660314,35.60382853,358.52
345,110.64660210,35.60386115,359.99
#back_W15A-W14B_mid
346,110.64660207,35.60395253,359.99
#back_W14A-W12B
347,110.64660205,35.60404391,359.97
348,110.64660197,35.60416780,359.97
349,110.64660189,35.60429169,359.66
#back_W12A-W11B
350,110.64660093,35.60442273,359.86
351,110.64660063,35.60452481,359.69
#back_W12A-W11B_mid
352,110.64659987,35.60463688,359.69
#back_W11A-W10A
353,110.64659912,35.60474895,359.81
354,110.64659867,35.60485881,359.81
355,110.64659821,35.60496866,89.66
#back_W11A-W10A_mid
356,110.64671267,35.60496922,89.66
357,110.64682712,35.60496977,89.66
#back_W10bA-W9B
358,110.64694158,35.60497033,0.31
359,110.64694184,35.60500899,90.81
#back_W9-E9
360,110.64708640,35.60500732,90.02
361,110.64717973,35.60500729,90.02
362,110.64727306,35.60500726,64.32
#back_E9_E9A
363,110.64729533,35.60501596,90.99
364,110.64744325,35.60501389,90.99
365,110.64759118,35.60501182,90.99
366,110.64773910,35.60500975,33.65
#back_9B-8B
367,110.64775954,35.60503472,359.92
368,110.64775934,35.60515982,359.92
369,110.64775913,35.60528492,315.27
#back_7A-7bA
370,110.64775338,35.60528964,269.85
371,110.64764137,35.60528940,269.85
372,110.64752935,35.60528915,269.85
373,110.64741733,35.60528891,359.17
#back_7A-7bA_mid
374,110.64741574,35.60537855,359.17
#back_7bB-6A
375,110.64741415,35.60546819,2.22
376,110.64741576,35.60550179,359.89
#back_7bB-6A_mid
377,110.64741554,35.60559321,359.89
#back_6B-5A
378,110.64741532,35.60568464,359.97
379,110.64741529,35.60571664,359.77
#back_6B-5A_mid
380,110.64741484,35.60580805,359.77
#back_5B-4A
381,110.64741439,35.60589947,0.21
382,110.64741454,35.60593246,0.21
