#序号,经度,纬度,航向角(度)
#south_4
1,110.64726778,35.60611233,89.79
2,110.64741110,35.60611276,179.79
3,110.64741115,35.60610163,269.79
4,110.64726783,35.60610120,179.79
5,110.64726788,35.60609007,89.79
6,110.64741120,35.60609050,179.79
7,110.64741125,35.60607937,269.79
8,110.64726793,35.60607894,179.79
9,110.64726798,35.60606781,89.79
10,110.64741130,35.60606823,179.79
11,110.64741134,35.60605710,269.79
12,110.64726803,35.60605668,179.79
13,110.64726808,35.60604555,89.79
14,110.64741139,35.60604597,179.79
15,110.64741144,35.60603484,269.79
16,110.64726813,35.60603442,179.79
17,110.64726818,35.60602328,89.79
18,110.64741149,35.60602371,179.79
19,110.64741154,35.60601258,269.79
20,110.64726823,35.60601215,179.79
21,110.64726828,35.60600102,89.79
22,110.64741159,35.60600145,179.79
23,110.64741164,35.60599032,269.79
24,110.64726832,35.60598989,179.79
25,110.64726837,35.60597876,89.79
26,110.64741169,35.60597919,179.79
27,110.64741174,35.60596805,269.79
28,110.64726842,35.60596763,179.79
29,110.64726847,35.60595650,89.79
30,110.64741179,35.60595692,179.79
31,110.64741184,35.60594579,269.79
32,110.64726852,35.60594537,179.79
33,110.64726857,35.60593423,89.79
34,110.64741189,35.60593466,180.19
#south_5
35,110.64741173,35.60589616,269.78
36,110.64726919,35.60589572,179.78
37,110.64726924,35.60588469,89.78
38,110.64741179,35.60588513,179.78
39,110.64741184,35.60587411,269.78
40,110.64726930,35.60587367,179.78
41,110.64726935,35.60586265,89.78
42,110.64741189,35.60586309,179.78
43,110.64741194,35.60585207,269.78
44,110.64726940,35.60585162,179.78
45,110.64726945,35.60584060,89.78
46,110.64741199,35.60584104,179.78
47,110.64741204,35.60583002,269.78
48,110.64726950,35.60582958,179.78
49,110.64726955,35.60581856,89.78
50,110.64741209,35.60581900,179.78
51,110.64741214,35.60580798,269.78
52,110.64726960,35.60580753,179.78
53,110.64726965,35.60579651,89.78
54,110.64741220,35.60579695,179.78
55,110.64741225,35.60578593,269.78
56,110.64726971,35.60578549,179.78
57,110.64726976,35.60577446,89.78
58,110.64741230,35.60577491,179.78
59,110.64741235,35.60576388,269.78
60,110.64726981,35.60576344,179.78
61,110.64726986,35.60575242,89.78
62,110.64741240,35.60575286,179.78
63,110.64741245,35.60574184,269.78
64,110.64726991,35.60574140,179.78
65,110.64726996,35.60573037,89.78
66,110.64741250,35.60573082,179.78
67,110.64741255,35.60571979,269.78
68,110.64727001,35.60571935,89.78
69,110.64741255,35.60571979,176.52
#south_6
70,110.64741532,35.60568284,269.88
71,110.64726617,35.60568257,179.88
72,110.64726620,35.60567137,89.88
73,110.64741535,35.60567163,179.88
74,110.64741538,35.60566043,269.88
75,110.64726623,35.60566016,179.88
76,110.64726626,35.60564896,89.88
77,110.64741541,35.60564922,179.88
78,110.64741544,35.60563802,269.88
79,110.64726629,35.60563775,179.88
80,110.64726632,35.60562655,89.88
81,110.64741547,35.60562681,179.88
82,110.64741550,35.60561561,269.88
83,110.64726635,35.60561534,179.88
84,110.64726638,35.60560414,89.88
85,110.64741553,35.60560440,179.88
86,110.64741556,35.60559319,269.88
87,110.64726640,35.60559293,179.88
88,110.64726643,35.60558173,89.88
89,110.64741559,35.60558199,179.88
90,110.64741562,35.60557078,269.88
91,110.64726646,35.60557052,179.88
92,110.64726649,35.60555931,89.88
93,110.64741565,35.60555958,179.88
94,110.64741568,35.60554837,269.88
95,110.64726652,35.60554811,179.88
96,110.64726655,35.60553690,89.88
97,110.64741571,35.60553717,179.88
98,110.64741574,35.60552596,269.88
99,110.64726658,35.60552570,179.88
100,110.64726661,35.60551449,89.88
101,110.64741577,35.60551476,179.88
102,110.64741580,35.60550355,269.88
103,110.64726664,35.60550329,89.88
104,110.64741580,35.60550355,182.11
#south_7_long_block
105,110.64741411,35.60546635,269.73
106,110.64726509,35.60546578,179.74
107,110.64726515,35.60545458,89.73
108,110.64741418,35.60545514,179.74
109,110.64741424,35.60544394,269.73
110,110.64726521,35.60544338,179.74
111,110.64726528,35.60543217,89.73
112,110.64741430,35.60543274,179.74
113,110.64741437,35.60542153,269.73
114,110.64726534,35.60542097,179.74
115,110.64726540,35.60540977,89.73
116,110.64741443,35.60541033,179.74
117,110.64741449,35.60539913,269.73
118,110.64726547,35.60539856,179.74
119,110.64726553,35.60538736,89.73
120,110.64741456,35.60538793,179.74
121,110.64741462,35.60537672,269.73
122,110.64726559,35.60537616,179.74
123,110.64726566,35.60536496,89.73
124,110.64741469,35.60536552,179.74
125,110.64741475,35.60535432,269.73
126,110.64726572,35.60535375,179.74
127,110.64726579,35.60534255,89.73
128,110.64741481,35.60534311,179.74
129,110.64741488,35.60533191,269.73
130,110.64726585,35.60533135,179.74
131,110.64726591,35.60532014,89.73
132,110.64741494,35.60532071,179.74
133,110.64741500,35.60530950,269.73
134,110.64726598,35.60530894,179.74
135,110.64726604,35.60529774,89.73
136,110.64741507,35.60529830,179.74
137,110.64741513,35.60528710,269.73
138,110.64726610,35.60528653,89.73
139,110.64741513,35.60528710,3.32
#south_7
140,110.64742498,35.60542527,89.93
141,110.64775871,35.60542559,179.93
142,110.64775873,35.60541411,269.93
143,110.64742499,35.60541379,179.93
144,110.64742501,35.60540231,89.93
145,110.64775875,35.60540263,179.93
146,110.64775876,35.60539115,269.93
147,110.64742503,35.60539084,179.93
148,110.64742504,35.60537936,89.93
149,110.64775878,35.60537967,179.93
150,110.64775880,35.60536820,269.93
151,110.64742506,35.60536788,179.93
152,110.64742508,35.60535640,89.93
153,110.64775881,35.60535672,179.93
154,110.64775883,35.60534524,269.93
155,110.64742509,35.60534492,179.93
156,110.64742511,35.60533345,89.93
157,110.64775884,35.60533376,179.93
158,110.64775886,35.60532229,269.93
159,110.64742513,35.60532197,179.93
160,110.64742514,35.60531049,89.93
161,110.64775888,35.60531081,179.93
162,110.64775889,35.60529933,269.93
163,110.64742516,35.60529901,179.93
164,110.64742517,35.60528754,89.93
165,110.64775891,35.60528785,179.64
#south_8
166,110.64775919,35.60525156,269.81
167,110.64726712,35.60525022,179.81
168,110.64726717,35.60523901,89.81
169,110.64775923,35.60524035,179.81
170,110.64775928,35.60522914,269.81
171,110.64726722,35.60522779,179.81
172,110.64726726,35.60521658,89.81
173,110.64775933,35.60521793,179.81
174,110.64775937,35.60520671,269.81
175,110.64726731,35.60520537,179.81
176,110.64726735,35.60519416,89.81
177,110.64775942,35.60519550,179.81
178,110.64775946,35.60518429,269.81
179,110.64726740,35.60518295,179.81
180,110.64726745,35.60517173,89.81
181,110.64775951,35.60517308,179.81
182,110.64775955,35.60516186,269.81
183,110.64726749,35.60516052,179.81
184,110.64726754,35.60514931,89.81
185,110.64775960,35.60515065,179.81
186,110.64775965,35.60513944,269.81
187,110.64726758,35.60513810,179.81
188,110.64726763,35.60512689,89.81
189,110.64775969,35.60512823,179.81
190,110.64775974,35.60511702,269.81
191,110.64726767,35.60511567,179.81
192,110.64726772,35.60510446,89.81
193,110.64775978,35.60510580,179.81
194,110.64775983,35.60509459,269.81
195,110.64726777,35.60509325,179.81
196,110.64726781,35.60508204,89.81
197,110.64775988,35.60508338,179.81
198,110.64775992,35.60507217,269.81
199,110.64726786,35.60507083,89.81
200,110.64775992,35.60507217,89.81
