#序号,经度,纬度,航向角(度)
#south_3
1,110.64741353,35.60615339,269.75
2,110.64726440,35.60615286,359.75
3,110.64726437,35.60615852,89.75
4,110.64741350,35.60615905,359.75
5,110.64741344,35.60616987,269.75
6,110.64726431,35.60616934,359.75
7,110.64726425,35.60618016,89.75
8,110.64741338,35.60618069,359.75
9,110.64741332,35.60619151,269.75
10,110.64726420,35.60619098,359.75
11,110.64726414,35.60620180,89.75
12,110.64741326,35.60620233,359.75
13,110.64741321,35.60621315,269.75
14,110.64726408,35.60621262,359.75
15,110.64726402,35.60622344,89.75
16,110.64741315,35.60622397,359.75
17,110.64741309,35.60623479,269.75
18,110.64726396,35.60623425,359.75
19,110.64726390,35.60624507,89.75
20,110.64741303,35.60624561,359.75
21,110.64741297,35.60625643,269.75
22,110.64726385,35.60625589,359.75
23,110.64726379,35.60626671,89.75
24,110.64741292,35.60626725,359.75
25,110.64741286,35.60627807,269.75
26,110.64726373,35.60627753,359.75
27,110.64726367,35.60628835,89.75
28,110.64741280,35.60628889,359.75
29,110.64741274,35.60629971,269.75
30,110.64726361,35.60629917,359.75
31,110.64726355,35.60630999,89.75
32,110.64741268,35.60631053,359.75
33,110.64741262,35.60632135,269.75
34,110.64726350,35.60632081,359.75
35,110.64726344,35.60633163,89.75
36,110.64741257,35.60633217,359.77
#south_2
37,110.64741239,35.60636882,269.85
38,110.64726311,35.60636850,359.85
39,110.64726309,35.60637423,89.85
40,110.64741237,35.60637454,359.85
41,110.64741233,35.60638536,269.85
42,110.64726305,35.60638505,359.85
43,110.64726302,35.60639587,89.85
44,110.64741230,35.60639618,359.85
45,110.64741227,35.60640700,269.85
46,110.64726299,35.60640669,359.85
47,110.64726295,35.60641751,89.85
48,110.64741223,35.60641782,359.85
49,110.64741220,35.60642864,269.85
50,110.64726292,35.60642833,359.85
51,110.64726288,35.60643915,89.85
52,110.64741216,35.60643946,359.85
53,110.64741213,35.60645028,269.85
54,110.64726285,35.60644997,359.85
55,110.64726282,35.60646079,89.85
56,110.64741210,35.60646110,359.85
57,110.64741206,35.60647192,269.85
58,110.64726278,35.60647161,359.85
59,110.64726275,35.60648243,89.85
60,110.64741203,35.60648274,359.85
61,110.64741199,35.60649356,269.85
62,110.64726271,35.60649325,359.85
63,110.64726268,35.60650406,89.85
64,110.64741196,35.60650438,359.85
65,110.64741193,35.60651520,269.85
66,110.64726265,35.60651488,359.85
67,110.64726261,35.60652570,89.85
68,110.64741189,35.60652602,359.85
69,110.64741186,35.60653684,269.85
70,110.64726258,35.60653652,359.85
71,110.64726254,35.60654734,89.85
72,110.64741182,35.60654766,359.83
#south_1
73,110.64741168,35.60658593,270.07
74,110.64726202,35.60658608,0.07
75,110.64726203,35.60659178,90.07
76,110.64741169,35.60659164,0.07
77,110.64741170,35.60660246,270.07
78,110.64726205,35.60660260,0.07
79,110.64726206,35.60661342,90.07
80,110.64741172,35.60661328,0.07
81,110.64741173,35.60662410,270.07
82,110.64726208,35.60662424,0.07
83,110.64726209,35.60663506,90.07
84,110.64741175,35.60663492,0.07
85,110.64741177,35.60664574,270.07
86,110.64726211,35.60664588,0.07
87,110.64726212,35.60665670,90.07
88,110.64741178,35.60665656,0.07
89,110.64741180,35.60666738,270.07
90,110.64726214,35.60666752,0.07
91,110.64726215,35.60667834,90.07
92,110.64741181,35.60667819,0.07
93,110.64741183,35.60668901,270.07
94,110.64726217,35.60668916,0.07
95,110.64726218,35.60669998,90.07
96,110.64741184,35.60669983,0.07
97,110.64741186,35.60671065,270.07
98,110.64726220,35.60671080,0.07
99,110.64726222,35.60672161,90.07
100,110.64741187,35.60672147,0.07
101,110.64741189,35.60673229,270.07
102,110.64726223,35.60673243,0.07
103,110.64726225,35.60674325,90.07
104,110.64741190,35.60674311,0.07
105,110.64741192,35.60675393,270.07
106,110.64726226,35.60675407,0.07
107,110.64726228,35.60676489,90.07
108,110.64741193,35.60676475,270.03
#north_1
109,110.64708387,35.60676487,269.82
110,110.64693551,35.60676450,179.83
111,110.64693554,35.60675839,89.82
112,110.64708390,35.60675876,179.83
113,110.64708394,35.60674794,269.82
114,110.64693558,35.60674757,179.83
115,110.64693562,35.60673675,89.82
116,110.64708398,35.60673712,179.83
117,110.64708402,35.60672630,269.82
118,110.64693566,35.60672593,179.83
119,110.64693570,35.60671511,89.82
120,110.64708406,35.60671548,179.83
121,110.64708410,35.60670466,269.82
122,110.64693574,35.60670429,179.83
123,110.64693578,35.60669347,89.82
124,110.64708414,35.60669384,179.83
125,110.64708418,35.60668302,269.82
126,110.64693582,35.60668265,179.83
127,110.64693586,35.60667183,89.82
128,110.64708422,35.60667220,179.83
129,110.64708426,35.60666138,269.82
130,110.64693590,35.60666101,179.83
131,110.64693594,35.60665019,89.82
132,110.64708430,35.60665056,179.83
133,110.64708434,35.60663974,269.82
134,110.64693598,35.60663937,179.83
135,110.64693602,35.60662855,89.82
136,110.64708438,35.60662892,179.83
137,110.64708442,35.60661810,269.82
138,110.64693606,35.60661773,179.83
139,110.64693610,35.60660691,89.82
140,110.64708446,35.60660728,179.83
141,110.64708450,35.60659646,269.82
142,110.64693614,35.60659609,179.83
143,110.64693618,35.60658527,89.82
144,110.64708454,35.60658564,269.82
145,110.64693618,35.60658527,179.60
#north_2
146,110.64693651,35.60654732,90.03
147,110.64708462,35.60654726,180.03
148,110.64708462,35.60654145,270.03
149,110.64693651,35.60654150,180.03
150,110.64693650,35.60653068,90.03
151,110.64708461,35.60653063,180.03
152,110.64708461,35.60651981,270.03
153,110.64693649,35.60651986,180.03
154,110.64693649,35.60650904,90.03
155,110.64708460,35.60650899,180.03
156,110.64708459,35.60649817,270.03
157,110.64693648,35.60649822,180.03
158,110.64693647,35.60648741,90.03
159,110.64708459,35.60648735,180.03
160,110.64708458,35.60647653,270.03
161,110.64693647,35.60647659,180.03
162,110.64693646,35.60646577,90.03
163,110.64708458,35.60646571,180.03
164,110.64708457,35.60645489,270.03
165,110.64693646,35.60645495,180.03
166,110.64693645,35.60644413,90.03
167,110.64708456,35.60644407,180.03
168,110.64708456,35.60643325,270.03
169,110.64693644,35.60643331,180.03
170,110.64693644,35.60642249,90.03
171,110.64708455,35.60642243,180.03
172,110.64708455,35.60641161,270.03
173,110.64693643,35.60641167,180.03
174,110.64693643,35.60640085,90.03
175,110.64708454,35.60640079,180.03
176,110.64708453,35.60638997,270.03
177,110.64693642,35.60639003,180.03
178,110.64693641,35.60637921,90.03
179,110.64708453,35.60637915,180.03
180,110.64708452,35.60636833,270.03
181,110.64693641,35.60636839,179.86
#north_3
182,110.64693652,35.60633128,90.04
183,110.64708472,35.60633120,180.04
184,110.64708471,35.60632516,270.04
185,110.64693651,35.60632524,180.04
186,110.64693651,35.60631442,90.04
187,110.64708470,35.60631434,180.04
188,110.64708470,35.60630352,270.04
189,110.64693650,35.60630360,180.04
190,110.64693649,35.60629278,90.04
191,110.64708469,35.60629270,180.04
192,110.64708468,35.60628188,270.04
193,110.64693648,35.60628196,180.04
194,110.64693647,35.60627114,90.04
195,110.64708467,35.60627106,180.04
196,110.64708466,35.60626024,270.04
197,110.64693646,35.60626032,180.04
198,110.64693645,35.60624950,90.04
199,110.64708465,35.60624942,180.04
200,110.64708464,35.60623860,270.04
201,110.64693644,35.60623868,180.04
202,110.64693644,35.60622786,90.04
203,110.64708463,35.60622778,180.04
204,110.64708463,35.60621696,270.04
205,110.64693643,35.60621704,180.04
206,110.64693642,35.60620622,90.04
207,110.64708462,35.60620614,180.04
208,110.64708461,35.60619532,270.04
209,110.64693641,35.60619540,180.04
210,110.64693640,35.60618458,90.04
211,110.64708460,35.60618450,180.04
212,110.64708459,35.60617368,270.04
213,110.64693639,35.60617376,180.04
214,110.64693638,35.60616294,90.04
215,110.64708458,35.60616286,180.04
216,110.64708457,35.60615204,270.04
217,110.64693637,35.60615212,179.55
#north_4
218,110.64693674,35.60611403,89.75
219,110.64708487,35.60611454,179.76
220,110.64708490,35.60610826,269.75
221,110.64693677,35.60610775,179.76
222,110.64693683,35.60609693,89.75
223,110.64708496,35.60609744,179.76
224,110.64708501,35.60608662,269.75
225,110.64693689,35.60608611,179.76
226,110.64693694,35.60607529,89.75
227,110.64708507,35.60607580,179.76
228,110.64708512,35.60606498,269.75
229,110.64693700,35.60606447,179.76
230,110.64693706,35.60605365,89.75
231,110.64708518,35.60605416,179.76
232,110.64708524,35.60604334,269.75
233,110.64693711,35.60604283,179.76
234,110.64693717,35.60603201,89.75
235,110.64708529,35.60603253,179.76
236,110.64708535,35.60602171,269.75
237,110.64693723,35.60602119,179.76
238,110.64693728,35.60601037,89.75
239,110.64708541,35.60601089,179.76
240,110.64708546,35.60600007,269.75
241,110.64693734,35.60599955,179.76
242,110.64693740,35.60598873,89.75
243,110.64708552,35.60598925,179.76
244,110.64708558,35.60597843,269.75
245,110.64693745,35.60597791,179.76
246,110.64693751,35.60596709,89.75
247,110.64708563,35.60596761,179.76
248,110.64708569,35.60595679,269.75
249,110.64693756,35.60595627,179.76
250,110.64693762,35.60594545,89.75
251,110.64708574,35.60594597,179.76
252,110.64708580,35.60593515,269.75
253,110.64693768,35.60593463,179.69
#north_5
254,110.64693791,35.60589864,89.73
255,110.64708620,35.60589920,179.74
256,110.64708623,35.60589337,269.73
257,110.64693795,35.60589281,179.74
258,110.64693801,35.60588199,89.73
259,110.64708629,35.60588255,179.74
260,110.64708635,35.60587173,269.73
261,110.64693807,35.60587117,179.74
262,110.64693813,35.60586035,89.73
263,110.64708641,35.60586091,179.74
264,110.64708647,35.60585009,269.73
265,110.64693819,35.60584953,179.74
266,110.64693825,35.60583871,89.73
267,110.64708654,35.60583927,179.74
268,110.64708660,35.60582845,269.73
269,110.64693832,35.60582789,179.74
270,110.64693838,35.60581707,89.73
271,110.64708666,35.60581763,179.74
272,110.64708672,35.60580681,269.73
273,110.64693844,35.60580625,179.74
274,110.64693850,35.60579543,89.73
275,110.64708678,35.60579599,179.74
276,110.64708684,35.60578517,269.73
277,110.64693856,35.60578461,179.74
278,110.64693862,35.60577379,89.73
279,110.64708690,35.60577435,179.74
280,110.64708697,35.60576353,269.73
281,110.64693868,35.60576297,179.74
282,110.64693875,35.60575215,89.73
283,110.64708703,35.60575271,179.74
284,110.64708709,35.60574189,269.73
285,110.64693881,35.60574133,179.74
286,110.64693887,35.60573051,89.73
287,110.64708715,35.60573107,179.74
288,110.64708721,35.60572025,269.73
289,110.64693893,35.60571969,179.93
#north_6
290,110.64693899,35.60568166,89.86
291,110.64708720,35.60568196,179.86
292,110.64708722,35.60567597,269.86
293,110.64693901,35.60567566,179.86
294,110.64693904,35.60566484,89.86
295,110.64708725,35.60566515,179.86
296,110.64708728,35.60565433,269.86
297,110.64693907,35.60565402,179.86
298,110.64693911,35.60564320,89.86
299,110.64708732,35.60564351,179.86
300,110.64708735,35.60563269,269.86
301,110.64693914,35.60563238,179.86
302,110.64693917,35.60562156,89.86
303,110.64708738,35.60562187,179.86
304,110.64708742,35.60561105,269.86
305,110.64693921,35.60561074,179.86
306,110.64693924,35.60559992,89.86
307,110.64708745,35.60560023,179.86
308,110.64708748,35.60558941,269.86
309,110.64693927,35.60558910,179.86
310,110.64693931,35.60557828,89.86
311,110.64708752,35.60557859,179.86
312,110.64708755,35.60556777,269.86
313,110.64693934,35.60556746,179.86
314,110.64693937,35.60555664,89.86
315,110.64708758,35.60555695,179.86
316,110.64708762,35.60554613,269.86
317,110.64693941,35.60554583,179.86
318,110.64693944,35.60553501,89.86
319,110.64708765,35.60553531,179.86
320,110.64708768,35.60552449,269.86
321,110.64693947,35.60552419,179.86
322,110.64693951,35.60551337,89.86
323,110.64708772,35.60551367,179.86
324,110.64708775,35.60550285,269.86
325,110.64693954,35.60550255,179.89
#north_7
326,110.64693963,35.60546554,89.81
327,110.64708783,35.60546595,179.81
328,110.64708785,35.60545981,269.81
329,110.64693965,35.60545941,179.81
330,110.64693970,35.60544859,89.81
331,110.64708790,35.60544899,179.81
332,110.64708794,35.60543817,269.81
333,110.64693974,35.60543777,179.81
334,110.64693978,35.60542695,89.81
335,110.64708798,35.60542735,179.81
336,110.64708803,35.60541653,269.81
337,110.64693983,35.60541613,179.81
338,110.64693987,35.60540531,89.81
339,110.64708807,35.60540571,179.81
340,110.64708812,35.60539489,269.81
341,110.64693992,35.60539449,179.81
342,110.64693996,35.60538367,89.81
343,110.64708816,35.60538407,179.81
344,110.64708821,35.60537325,269.81
345,110.64694001,35.60537285,179.81
346,110.64694005,35.60536203,89.81
347,110.64708825,35.60536244,179.81
348,110.64708830,35.60535162,269.81
349,110.64694010,35.60535121,179.81
350,110.64694014,35.60534039,89.81
351,110.64708834,35.60534080,179.81
352,110.64708838,35.60532998,269.81
353,110.64694018,35.60532957,179.81
354,110.64694023,35.60531875,89.81
355,110.64708843,35.60531916,179.81
356,110.64708847,35.60530834,269.81
357,110.64694027,35.60530793,179.81
358,110.64694032,35.60529711,89.81
359,110.64708852,35.60529752,179.81
360,110.64708856,35.60528670,269.81
361,110.64694036,35.60528629,179.70
#north_8
362,110.64694059,35.60525020,89.78
363,110.64708882,35.60525066,179.78
364,110.64708885,35.60524479,269.78
365,110.64694062,35.60524434,179.78
366,110.64694067,35.60523352,89.78
367,110.64708890,35.60523397,179.78
368,110.64708895,35.60522315,269.78
369,110.64694072,35.60522270,179.78
370,110.64694077,35.60521188,89.78
371,110.64708900,35.60521234,179.78
372,110.64708905,35.60520152,269.78
373,110.64694082,35.60520106,179.78
374,110.64694087,35.60519024,89.78
375,110.64708910,35.60519070,179.78
376,110.64708915,35.60517988,269.78
377,110.64694092,35.60517942,179.78
378,110.64694097,35.60516860,89.78
379,110.64708920,35.60516906,179.78
380,110.64708925,35.60515824,269.78
381,110.64694102,35.60515778,179.78
382,110.64694107,35.60514696,89.78
383,110.64708930,35.60514742,179.78
384,110.64708935,35.60513660,269.78
385,110.64694112,35.60513614,179.78
386,110.64694117,35.60512532,89.78
387,110.64708940,35.60512578,179.78
388,110.64708945,35.60511496,269.78
389,110.64694122,35.60511450,179.78
390,110.64694127,35.60510368,89.78
391,110.64708950,35.60510414,179.78
392,110.64708955,35.60509332,269.78
393,110.64694132,35.60509286,179.78
394,110.64694137,35.60508204,89.78
395,110.64708960,35.60508250,179.78
396,110.64708965,35.60507168,269.78
397,110.64694142,35.60507122,179.41
#north_9
398,110.64694190,35.60503333,90.18
399,110.64709024,35.60503296,180.18
400,110.64709020,35.60502214,270.18
401,110.64694186,35.60502251,180.18
402,110.64694182,35.60501169,90.18
403,110.64709016,35.60501132,180.18
404,110.64709012,35.60500050,270.18
405,110.64694178,35.60500087,270.18
