序号,经度,纬度,航向角(度)
1,110.64741372,35.60611529,359.77
2,110.64741354,35.60615159,359.75
3,110.64741305,35.60624278,359.75
4,110.64741256,35.60633397,359.77
5,110.64741239,35.60636701,359.85
6,110.64741210,35.60645824,359.85
7,110.64741182,35.60654946,359.82
8,110.64741168,35.60658413,44.69
9,110.64741278,35.60658503,325.66
10,110.64733698,35.60667523,325.66
11,110.64726117,35.60676543,120.91
12,110.64726228,35.60676489,90.07
13,110.64741193,35.60676475,180.07
14,110.64741192,35.60675393,270.07
15,110.64726226,35.60675407,180.07
16,110.64726225,35.60674325,90.07
17,110.64741190,35.60674311,180.07
18,110.64741189,35.60673229,270.07
19,110.64726223,35.60673243,180.07
20,110.64726222,35.60672161,90.07
21,110.64741187,35.60672147,180.07
22,110.64741186,35.60671065,270.07
23,110.64726220,35.60671080,180.07
24,110.64726218,35.60669998,90.07
25,110.64741184,35.60669983,180.07
26,110.64741183,35.60668901,270.07
27,110.64726217,35.60668916,180.07
28,110.64726215,35.60667834,90.07
29,110.64741181,35.60667819,180.07
30,110.64741180,35.60666738,270.07
31,110.64726214,35.60666752,180.07
32,110.64726212,35.60665670,90.07
33,110.64741178,35.60665656,180.07
34,110.64741177,35.60664574,270.07
35,110.64726211,35.60664588,180.07
36,110.64726209,35.60663506,90.07
37,110.64741175,35.60663492,180.07
38,110.64741173,35.60662410,270.07
39,110.64726208,35.60662424,180.07
40,110.64726206,35.60661342,90.07
41,110.64741172,35.60661328,180.07
42,110.64741170,35.60660246,270.07
43,110.64726205,35.60660260,180.07
44,110.64726203,35.60659178,90.07
45,110.64741169,35.60659164,180.07
46,110.64741168,35.60658593,270.07
47,110.64726202,35.60658608,90.07
48,110.64741168,35.60658593,179.83
49,110.64741182,35.60654766,269.85
50,110.64726254,35.60654734,179.85
51,110.64726258,35.60653652,89.85
52,110.64741186,35.60653684,179.85
53,110.64741189,35.60652602,269.85
54,110.64726261,35.60652570,179.85
55,110.64726265,35.60651488,89.85
56,110.64741193,35.60651520,179.85
57,110.64741196,35.60650438,269.85
58,110.64726268,35.60650406,179.85
59,110.64726271,35.60649325,89.85
60,110.64741199,35.60649356,179.85
61,110.64741203,35.60648274,269.85
62,110.64726275,35.60648243,179.85
63,110.64726278,35.60647161,89.85
64,110.64741206,35.60647192,179.85
65,110.64741210,35.60646110,269.85
66,110.64726282,35.60646079,179.85
67,110.64726285,35.60644997,89.85
68,110.64741213,35.60645028,179.85
69,110.64741216,35.60643946,269.85
70,110.64726288,35.60643915,179.85
71,110.64726292,35.60642833,89.85
72,110.64741220,35.60642864,179.85
73,110.64741223,35.60641782,269.85
74,110.64726295,35.60641751,179.85
75,110.64726299,35.60640669,89.85
76,110.64741227,35.60640700,179.85
77,110.64741230,35.60639618,269.85
78,110.64726302,35.60639587,179.85
79,110.64726305,35.60638505,89.85
80,110.64741233,35.60638536,179.85
81,110.64741237,35.60637454,269.85
82,110.64726309,35.60637423,179.85
83,110.64726311,35.60636850,89.85
84,110.64741239,35.60636882,179.77
85,110.64741257,35.60633217,269.75
86,110.64726344,35.60633163,179.75
87,110.64726350,35.60632081,89.75
88,110.64741262,35.60632135,179.75
89,110.64741268,35.60631053,269.75
90,110.64726355,35.60630999,179.75
91,110.64726361,35.60629917,89.75
92,110.64741274,35.60629971,179.75
93,110.64741280,35.60628889,269.75
94,110.64726367,35.60628835,179.75
95,110.64726373,35.60627753,89.75
96,110.64741286,35.60627807,179.75
97,110.64741292,35.60626725,269.75
98,110.64726379,35.60626671,179.75
99,110.64726385,35.60625589,89.75
100,110.64741297,35.60625643,179.75
101,110.64741303,35.60624561,269.75
102,110.64726390,35.60624507,179.75
103,110.64726396,35.60623425,89.75
104,110.64741309,35.60623479,179.75
105,110.64741315,35.60622397,269.75
106,110.64726402,35.60622344,179.75
107,110.64726408,35.60621262,89.75
108,110.64741321,35.60621315,179.75
109,110.64741326,35.60620233,269.75
110,110.64726414,35.60620180,179.75
111,110.64726420,35.60619098,89.75
112,110.64741332,35.60619151,179.75
113,110.64741338,35.60618069,269.75
114,110.64726425,35.60618016,179.75
115,110.64726431,35.60616934,89.75
116,110.64741344,35.60616987,179.75
117,110.64741350,35.60615905,269.75
118,110.64726437,35.60615852,179.75
119,110.64726440,35.60615286,89.75
120,110.64741353,35.60615339,179.77
121,110.64741373,35.60611349,269.79
122,110.64726492,35.60611304,179.79
123,110.64726496,35.60610222,89.79
124,110.64741378,35.60610267,179.79
125,110.64741383,35.60609185,269.79
126,110.64726501,35.60609140,179.79
127,110.64726506,35.60608058,89.79
128,110.64741387,35.60608103,179.79
129,110.64741392,35.60607021,269.79
130,110.64726511,35.60606976,179.79
131,110.64726516,35.60605894,89.79
132,110.64741397,35.60605939,179.79
133,110.64741402,35.60604857,269.79
134,110.64726521,35.60604812,179.79
135,110.64726526,35.60603730,89.79
136,110.64741407,35.60603775,179.79
137,110.64741412,35.60602693,269.79
138,110.64726531,35.60602648,179.79
139,110.64726536,35.60601566,89.79
140,110.64741417,35.60601611,179.79
141,110.64741422,35.60600529,269.79
142,110.64726540,35.60600484,179.79
143,110.64726545,35.60599402,89.79
144,110.64741426,35.60599447,179.79
145,110.64741431,35.60598365,269.79
146,110.64726550,35.60598320,179.79
147,110.64726555,35.60597239,89.79
148,110.64741436,35.60597283,179.79
149,110.64741441,35.60596201,269.79
150,110.64726560,35.60596157,179.79
151,110.64726565,35.60595075,89.79
152,110.64741446,35.60595119,179.79
153,110.64741451,35.60594037,269.79
154,110.64726570,35.60593993,179.79
155,110.64726573,35.60593381,89.79
156,110.64741454,35.60593425,180.19
157,110.64741439,35.60589766,269.76
158,110.64726511,35.60589716,179.77
159,110.64726516,35.60588634,89.76
160,110.64741444,35.60588684,179.77
161,110.64741450,35.60587602,269.76
162,110.64726522,35.60587552,179.77
163,110.64726527,35.60586470,89.76
164,110.64741455,35.60586520,179.77
165,110.64741461,35.60585438,269.76
166,110.64726533,35.60585388,179.77
167,110.64726538,35.60584307,89.76
168,110.64741466,35.60584356,179.77
169,110.64741472,35.60583274,269.76
170,110.64726543,35.60583225,179.77
171,110.64726549,35.60582143,89.76
172,110.64741477,35.60582192,179.77
173,110.64741482,35.60581111,269.76
174,110.64726554,35.60581061,179.77
175,110.64726560,35.60579979,89.76
176,110.64741488,35.60580029,179.77
177,110.64741493,35.60578947,269.76
178,110.64726565,35.60578897,179.77
179,110.64726570,35.60577815,89.76
180,110.64741499,35.60577865,179.77
181,110.64741504,35.60576783,269.76
182,110.64726576,35.60576733,179.77
183,110.64726581,35.60575651,89.76
184,110.64741510,35.60575701,179.77
185,110.64741515,35.60574619,269.76
186,110.64726587,35.60574569,179.77
187,110.64726592,35.60573487,89.76
188,110.64741520,35.60573537,179.77
189,110.64741526,35.60572455,269.76
190,110.64726598,35.60572405,179.77
191,110.64726601,35.60571794,89.76
192,110.64741529,35.60571844,179.96
193,110.64741532,35.60568284,269.88
194,110.64726617,35.60568257,179.88
195,110.64726620,35.60567175,89.88
196,110.64741535,35.60567202,179.88
197,110.64741538,35.60566120,269.88
198,110.64726622,35.60566093,179.88
199,110.64726625,35.60565011,89.88
200,110.64741541,35.60565038,179.88
201,110.64741544,35.60563956,269.88
202,110.64726628,35.60563929,179.88
203,110.64726631,35.60562847,89.88
204,110.64741546,35.60562874,179.88
205,110.64741549,35.60561792,269.88
206,110.64726634,35.60561765,179.88
207,110.64726637,35.60560683,89.88
208,110.64741552,35.60560710,179.88
209,110.64741555,35.60559628,269.88
210,110.64726640,35.60559601,179.88
211,110.64726643,35.60558520,89.88
212,110.64741558,35.60558546,179.88
213,110.64741561,35.60557464,269.88
214,110.64726645,35.60557438,179.88
215,110.64726648,35.60556356,89.88
216,110.64741564,35.60556382,179.88
217,110.64741566,35.60555300,269.88
218,110.64726651,35.60555274,179.88
219,110.64726654,35.60554192,89.88
220,110.64741569,35.60554218,179.88
221,110.64741572,35.60553136,269.88
222,110.64726657,35.60553110,179.88
223,110.64726660,35.60552028,89.88
224,110.64741575,35.60552054,179.88
225,110.64741578,35.60550972,269.88
226,110.64726663,35.60550946,179.88
227,110.64726664,35.60550329,89.88
228,110.64741580,35.60550355,182.11
229,110.64741411,35.60546635,269.73
230,110.64726509,35.60546578,179.74
231,110.64726515,35.60545496,89.73
232,110.64741417,35.60545553,179.74
233,110.64741424,35.60544471,269.73
234,110.64726521,35.60544414,179.74
235,110.64726527,35.60543332,89.73
236,110.64741430,35.60543389,179.74
237,110.64741436,35.60542307,269.73
238,110.64726533,35.60542250,179.74
239,110.64726539,35.60541168,89.73
240,110.64741442,35.60541225,179.74
241,110.64741448,35.60540143,269.73
242,110.64726545,35.60540086,179.74
243,110.64726552,35.60539004,89.73
244,110.64741454,35.60539061,179.74
245,110.64741460,35.60537979,269.73
246,110.64726558,35.60537922,179.74
247,110.64726564,35.60536841,89.73
248,110.64741467,35.60536897,179.74
249,110.64741473,35.60535815,269.73
250,110.64726570,35.60535759,179.74
251,110.64726576,35.60534677,89.73
252,110.64741479,35.60534733,179.74
253,110.64741485,35.60533651,269.73
254,110.64726582,35.60533595,179.74
255,110.64726588,35.60532513,89.73
256,110.64741491,35.60532569,179.74
257,110.64741497,35.60531487,269.73
258,110.64726595,35.60531431,179.74
259,110.64726601,35.60530349,89.73
260,110.64741503,35.60530405,179.74
261,110.64741510,35.60529323,269.73
262,110.64726607,35.60529267,179.74
263,110.64726610,35.60528653,89.73
264,110.64741513,35.60528710,3.32
265,110.64742005,35.60535618,3.32
266,110.64742498,35.60542527,89.93
267,110.64753622,35.60542537,89.93
268,110.64764747,35.60542548,89.93
269,110.64775871,35.60542559,179.93
270,110.64775873,35.60541477,269.93
271,110.64764748,35.60541466,269.93
272,110.64753624,35.60541455,269.93
273,110.64742499,35.60541445,179.93
274,110.64742501,35.60540363,89.93
275,110.64753625,35.60540373,89.93
276,110.64764750,35.60540384,89.93
277,110.64775874,35.60540395,179.93
278,110.64775876,35.60539313,269.93
279,110.64764751,35.60539302,269.93
280,110.64753627,35.60539292,269.93
281,110.64742502,35.60539281,179.93
282,110.64742504,35.60538199,89.93
283,110.64753629,35.60538210,89.93
284,110.64764753,35.60538220,89.93
285,110.64775878,35.60538231,179.93
286,110.64775879,35.60537149,269.93
287,110.64764755,35.60537138,269.93
288,110.64753630,35.60537128,269.93
289,110.64742506,35.60537117,179.93
290,110.64742507,35.60536035,89.93
291,110.64753632,35.60536046,89.93
292,110.64764756,35.60536056,89.93
293,110.64775881,35.60536067,179.93
294,110.64775882,35.60534985,269.93
295,110.64764758,35.60534974,269.93
296,110.64753633,35.60534964,269.93
297,110.64742509,35.60534953,179.93
298,110.64742510,35.60533871,89.93
299,110.64753635,35.60533882,89.93
300,110.64764759,35.60533892,89.93
301,110.64775884,35.60533903,179.93
302,110.64775885,35.60532821,269.93
303,110.64764761,35.60532810,269.93
304,110.64753636,35.60532800,269.93
305,110.64742512,35.60532789,179.93
306,110.64742513,35.60531707,89.93
307,110.64753638,35.60531718,89.93
308,110.64764762,35.60531728,89.93
309,110.64775887,35.60531739,179.93
310,110.64775888,35.60530657,269.93
311,110.64764764,35.60530646,269.93
312,110.64753639,35.60530636,269.93
313,110.64742515,35.60530625,179.93
314,110.64742516,35.60529543,89.93
315,110.64753641,35.60529554,89.93
316,110.64764765,35.60529564,89.93
317,110.64775890,35.60529575,179.93
318,110.64775891,35.60528785,269.93
319,110.64764766,35.60528775,269.93
320,110.64753642,35.60528764,269.93
321,110.64742517,35.60528754,89.93
322,110.64753642,35.60528764,89.93
323,110.64764766,35.60528775,89.93
324,110.64775891,35.60528785,179.64
325,110.64775919,35.60525156,269.81
326,110.64759517,35.60525111,269.81
327,110.64743114,35.60525067,269.81
328,110.64726712,35.60525022,179.81
329,110.64726717,35.60523940,89.81
330,110.64743119,35.60523985,89.81
331,110.64759521,35.60524029,89.81
332,110.64775923,35.60524074,179.81
333,110.64775928,35.60522992,269.81
334,110.64759525,35.60522947,269.81
335,110.64743123,35.60522903,269.81
336,110.64726721,35.60522858,179.81
337,110.64726726,35.60521776,89.81
338,110.64743128,35.60521821,89.81
339,110.64759530,35.60521866,89.81
340,110.64775932,35.60521910,179.81
341,110.64775936,35.60520828,269.81
342,110.64759534,35.60520784,269.81
343,110.64743132,35.60520739,269.81
344,110.64726730,35.60520694,179.81
345,110.64726735,35.60519612,89.81
346,110.64743137,35.60519657,89.81
347,110.64759539,35.60519702,89.81
348,110.64775941,35.60519746,179.81
349,110.64775945,35.60518664,269.81
350,110.64759543,35.60518620,269.81
351,110.64743141,35.60518575,269.81
352,110.64726739,35.60518530,179.81
353,110.64726743,35.60517448,89.81
354,110.64743145,35.60517493,89.81
355,110.64759548,35.60517538,89.81
356,110.64775950,35.60517582,179.81
357,110.64775954,35.60516500,269.81
358,110.64759552,35.60516456,269.81
359,110.64743150,35.60516411,269.81
360,110.64726748,35.60516366,179.81
361,110.64726752,35.60515284,89.81
362,110.64743154,35.60515329,89.81
363,110.64759556,35.60515374,89.81
364,110.64775959,35.60515418,179.81
365,110.64775963,35.60514336,269.81
366,110.64759561,35.60514292,269.81
367,110.64743159,35.60514247,269.81
368,110.64726757,35.60514202,179.81
369,110.64726761,35.60513120,89.81
370,110.64743163,35.60513165,89.81
371,110.64759565,35.60513210,89.81
372,110.64775967,35.60513255,179.81
373,110.64775972,35.60512173,269.81
374,110.64759570,35.60512128,269.81
375,110.64743168,35.60512083,269.81
376,110.64726766,35.60512038,179.81
377,110.64726770,35.60510956,89.81
378,110.64743172,35.60511001,89.81
379,110.64759574,35.60511046,89.81
380,110.64775976,35.60511091,179.81
381,110.64775981,35.60510009,269.81
382,110.64759579,35.60509964,269.81
383,110.64743176,35.60509919,269.81
384,110.64726774,35.60509874,179.81
385,110.64726779,35.60508792,89.81
386,110.64743181,35.60508837,89.81
387,110.64759583,35.60508882,89.81
388,110.64775985,35.60508927,179.81
389,110.64775990,35.60507845,269.81
390,110.64759587,35.60507800,269.81
391,110.64743185,35.60507755,269.81
392,110.64726783,35.60507710,179.81
393,110.64726786,35.60507083,89.81
394,110.64743188,35.60507127,89.81
395,110.64759590,35.60507172,89.81
396,110.64775992,35.60507217,179.85
397,110.64776004,35.60503524,270.21
398,110.64759595,35.60503574,270.21
399,110.64743186,35.60503623,270.21
400,110.64726777,35.60503672,180.21
401,110.64726772,35.60502590,90.21
402,110.64743181,35.60502541,90.21
403,110.64759590,35.60502492,90.21
404,110.64775999,35.60502442,180.21
405,110.64775994,35.60501361,270.21
406,110.64759585,35.60501410,270.21
407,110.64743176,35.60501459,270.21
408,110.64726768,35.60501508,180.21
409,110.64726763,35.60500426,90.21
410,110.64743172,35.60500377,90.21
411,110.64759580,35.60500328,90.21
412,110.64775989,35.60500279,173.56
413,110.64776268,35.60498268,268.43
414,110.64776048,35.60498263,269.75
415,110.64759636,35.60498204,269.75
416,110.64743224,35.60498146,269.75
417,110.64726812,35.60498087,90.15
418,110.64741689,35.60498055,180.15
419,110.64741685,35.60496973,270.15
420,110.64726808,35.60497005,180.15
421,110.64726805,35.60495924,90.15
422,110.64741682,35.60495891,180.15
423,110.64741678,35.60494809,270.15
424,110.64726801,35.60494842,180.15
425,110.64726798,35.60493760,90.15
426,110.64741675,35.60493727,180.15
427,110.64741671,35.60492645,270.15
428,110.64726794,35.60492678,180.15
429,110.64726791,35.60491596,90.15
430,110.64741668,35.60491563,180.15
431,110.64741664,35.60490481,270.15
432,110.64726787,35.60490514,180.15
433,110.64726784,35.60489432,90.15
434,110.64741661,35.60489399,180.15
435,110.64741657,35.60488317,270.15
436,110.64726780,35.60488350,180.15
437,110.64726777,35.60487268,90.15
438,110.64741654,35.60487235,180.15
439,110.64741650,35.60486153,270.15
440,110.64726773,35.60486186,180.15
441,110.64726770,35.60485104,90.15
442,110.64741647,35.60485071,180.15
443,110.64741643,35.60483990,270.15
444,110.64726766,35.60484022,180.15
445,110.64726764,35.60483314,90.15
446,110.64741641,35.60483281,3.56
447,110.64742206,35.60490664,3.56
448,110.64742771,35.60498047,89.92
449,110.64753864,35.60498059,89.92
450,110.64764958,35.60498072,89.92
451,110.64776051,35.60498085,179.92
452,110.64776053,35.60497003,269.92
453,110.64764960,35.60496990,269.92
454,110.64753866,35.60496977,269.92
455,110.64742773,35.60496965,179.92
456,110.64742775,35.60495883,89.92
457,110.64753868,35.60495895,89.92
458,110.64764961,35.60495908,89.92
459,110.64776055,35.60495921,179.92
460,110.64776056,35.60494839,269.92
461,110.64764963,35.60494826,269.92
462,110.64753870,35.60494813,269.92
463,110.64742777,35.60494801,179.92
464,110.64742779,35.60493719,89.92
465,110.64753872,35.60493731,89.92
466,110.64764965,35.60493744,89.92
467,110.64776058,35.60493757,179.92
468,110.64776060,35.60492675,269.92
469,110.64764967,35.60492662,269.92
470,110.64753874,35.60492649,269.92
471,110.64742781,35.60492637,179.92
472,110.64742782,35.60491555,89.92
473,110.64753876,35.60491567,89.92
474,110.64764969,35.60491580,89.92
475,110.64776062,35.60491593,179.92
476,110.64776064,35.60490511,269.92
477,110.64764971,35.60490498,269.92
478,110.64753877,35.60490486,269.92
479,110.64742784,35.60490473,179.92
480,110.64742786,35.60489391,89.92
481,110.64753879,35.60489404,89.92
482,110.64764973,35.60489416,89.92
483,110.64776066,35.60489429,179.92
484,110.64776068,35.60488347,269.92
485,110.64764974,35.60488334,269.92
486,110.64753881,35.60488322,269.92
487,110.64742788,35.60488309,179.92
488,110.64742790,35.60487227,89.92
489,110.64753883,35.60487240,89.92
490,110.64764976,35.60487252,89.92
491,110.64776069,35.60487265,179.92
492,110.64776071,35.60486183,269.92
493,110.64764978,35.60486170,269.92
494,110.64753885,35.60486158,269.92
495,110.64742792,35.60486145,179.92
496,110.64742793,35.60485344,89.92
497,110.64753886,35.60485356,89.92
498,110.64764979,35.60485369,89.92
499,110.64776073,35.60485382,178.63
500,110.64776375,35.60475105,269.79
501,110.64776154,35.60475104,269.51
502,110.64759774,35.60474989,269.51
503,110.64743393,35.60474874,269.50
504,110.64727013,35.60474759,89.90
505,110.64741773,35.60474779,179.90
506,110.64741775,35.60473697,269.90
507,110.64727015,35.60473677,179.90
508,110.64727017,35.60472595,89.90
509,110.64741777,35.60472615,179.90
510,110.64741780,35.60471533,269.90
511,110.64727020,35.60471513,179.90
512,110.64727022,35.60470431,89.90
513,110.64741782,35.60470451,179.90
514,110.64741784,35.60469369,269.90
515,110.64727024,35.60469349,179.90
516,110.64727026,35.60468267,89.90
517,110.64741786,35.60468287,179.90
518,110.64741789,35.60467205,269.90
519,110.64727028,35.60467185,179.90
520,110.64727031,35.60466103,89.90
521,110.64741791,35.60466123,179.90
522,110.64741793,35.60465042,269.90
523,110.64727033,35.60465021,179.90
524,110.64727035,35.60463939,89.90
525,110.64741795,35.60463960,179.90
526,110.64741797,35.60462878,269.90
527,110.64727037,35.60462857,179.90
528,110.64727040,35.60461775,89.90
529,110.64741800,35.60461796,179.90
530,110.64741802,35.60460714,269.90
531,110.64727042,35.60460693,179.90
532,110.64727044,35.60459611,89.90
533,110.64741804,35.60459632,179.90
534,110.64741806,35.60458550,269.90
535,110.64727046,35.60458529,179.90
536,110.64727049,35.60457447,89.90
537,110.64741809,35.60457468,179.90
538,110.64741811,35.60456386,269.90
539,110.64727051,35.60456365,179.90
540,110.64727053,35.60455283,89.90
541,110.64741813,35.60455304,179.90
542,110.64741815,35.60454222,269.90
543,110.64727055,35.60454202,179.90
544,110.64727057,35.60453120,89.90
545,110.64741818,35.60453140,179.90
546,110.64741820,35.60452058,269.90
547,110.64727060,35.60452038,179.90
548,110.64727062,35.60450956,89.90
549,110.64741822,35.60450976,1.90
550,110.64742310,35.60462926,1.90
551,110.64742797,35.60474876,89.90
552,110.64753917,35.60474892,89.90
553,110.64765036,35.60474908,89.90
554,110.64776155,35.60474924,179.90
555,110.64776157,35.60473842,269.90
556,110.64765038,35.60473826,269.90
557,110.64753919,35.60473810,269.90
558,110.64742800,35.60473794,179.90
559,110.64742802,35.60472712,89.90
560,110.64753921,35.60472728,89.90
561,110.64765040,35.60472744,89.90
562,110.64776160,35.60472760,179.90
563,110.64776162,35.60471678,269.90
564,110.64765043,35.60471662,269.90
565,110.64753924,35.60471646,269.90
566,110.64742804,35.60471630,179.90
567,110.64742807,35.60470548,89.90
568,110.64753926,35.60470564,89.90
569,110.64765045,35.60470580,89.90
570,110.64776164,35.60470596,179.90
571,110.64776167,35.60469514,269.90
572,110.64765047,35.60469498,269.90
573,110.64753928,35.60469482,269.90
574,110.64742809,35.60469466,179.90
575,110.64742811,35.60468384,89.90
576,110.64753931,35.60468400,89.90
577,110.64765050,35.60468416,89.90
578,110.64776169,35.60468432,179.90
579,110.64776171,35.60467350,269.90
580,110.64765052,35.60467334,269.90
581,110.64753933,35.60467318,269.90
582,110.64742814,35.60467302,179.90
583,110.64742816,35.60466220,89.90
584,110.64753935,35.60466236,89.90
585,110.64765054,35.60466252,89.90
586,110.64776174,35.60466268,179.90
587,110.64776176,35.60465186,269.90
588,110.64765057,35.60465170,269.90
589,110.64753938,35.60465154,269.90
590,110.64742818,35.60465138,179.90
591,110.64742821,35.60464056,89.90
592,110.64753940,35.60464072,89.90
593,110.64765059,35.60464088,89.90
594,110.64776178,35.60464104,179.90
595,110.64776181,35.60463022,269.90
596,110.64765061,35.60463006,269.90
597,110.64753942,35.60462990,269.90
598,110.64742823,35.60462974,179.90
599,110.64742825,35.60461892,89.90
600,110.64753945,35.60461908,89.90
601,110.64765064,35.60461924,89.90
602,110.64776183,35.60461940,179.90
603,110.64776185,35.60460858,269.90
604,110.64765066,35.60460842,269.90
605,110.64753947,35.60460826,269.90
606,110.64742828,35.60460810,179.90
607,110.64742830,35.60459728,89.90
608,110.64753949,35.60459744,89.90
609,110.64765068,35.60459760,89.90
610,110.64776188,35.60459776,179.90
611,110.64776190,35.60458694,269.90
612,110.64765071,35.60458678,269.90
613,110.64753952,35.60458662,269.90
614,110.64742832,35.60458646,179.90
615,110.64742835,35.60457564,89.90
616,110.64753954,35.60457580,89.90
617,110.64765073,35.60457596,89.90
618,110.64776192,35.60457612,179.90
619,110.64776195,35.60456530,269.90
620,110.64765076,35.60456514,269.90
621,110.64753956,35.60456498,269.90
622,110.64742837,35.60456482,179.90
623,110.64742839,35.60455400,89.90
624,110.64753959,35.60455416,89.90
625,110.64765078,35.60455432,89.90
626,110.64776197,35.60455449,179.90
627,110.64776199,35.60454367,269.90
628,110.64765080,35.60454351,269.90
629,110.64753961,35.60454334,269.90
630,110.64742842,35.60454318,179.90
631,110.64742844,35.60453236,89.90
632,110.64753963,35.60453253,89.90
633,110.64765083,35.60453269,89.90
634,110.64776202,35.60453285,179.90
635,110.64776203,35.60452840,269.90
636,110.64765083,35.60452824,269.90
637,110.64753964,35.60452808,269.90
638,110.64742845,35.60452791,89.90
639,110.64753964,35.60452808,89.90
640,110.64765083,35.60452824,89.90
641,110.64776203,35.60452840,359.90
642,110.64776178,35.60463972,359.90
643,110.64776154,35.60475104,359.63
644,110.64776073,35.60485201,359.73
645,110.64776031,35.60492667,359.73
646,110.64775988,35.60500133,359.87
647,110.64775953,35.60512645,359.87
648,110.64775919,35.60525156,359.64
649,110.64775891,35.60528785,269.85
650,110.64764505,35.60528760,269.85
651,110.64753120,35.60528735,269.85
652,110.64741734,35.60528711,269.99
653,110.64741514,35.60528711,0.14
654,110.64741547,35.60539443,0.14
655,110.64741580,35.60550175,359.88
656,110.64741556,35.60559320,359.88
657,110.64741532,35.60568464,359.97
658,110.64741529,35.60571664,359.77
659,110.64741484,35.60580805,359.77
660,110.64741439,35.60589947,0.21
661,110.64741454,35.60593246,0.21
