#序号,经度,纬度,航向角(度)
#north_10_long_block
1,110.64709198,35.60483129,269.63
2,110.64694281,35.60483051,359.63
3,110.64694273,35.60484133,89.63
4,110.64709190,35.60484211,359.63
5,110.64709181,35.60485293,269.63
6,110.64694264,35.60485215,359.63
7,110.64694256,35.60486296,89.63
8,110.64709173,35.60486375,359.63
9,110.64709164,35.60487457,269.63
10,110.64694247,35.60487378,359.63
11,110.64694238,35.60488460,89.63
12,110.64709156,35.60488539,359.63
13,110.64709147,35.60489621,269.63
14,110.64694230,35.60489542,359.63
15,110.64694221,35.60490624,89.63
16,110.64709138,35.60490703,359.63
17,110.64709130,35.60491785,269.63
18,110.64694213,35.60491706,359.63
19,110.64694204,35.60492788,89.63
20,110.64709121,35.60492866,359.63
21,110.64709113,35.60493948,269.63
22,110.64694196,35.60493870,359.63
23,110.64694187,35.60494952,89.63
24,110.64709104,35.60495030,359.63
25,110.64709096,35.60496112,269.63
26,110.64694179,35.60496034,359.63
27,110.64694170,35.60497116,89.63
28,110.64709087,35.60497194,359.63
29,110.64709082,35.60497923,269.63
30,110.64694165,35.60497845,269.18
#north_10
31,110.64693166,35.60497834,269.67
32,110.64659818,35.60497678,179.67
33,110.64659824,35.60496850,89.67
34,110.64693172,35.60497006,179.67
35,110.64693179,35.60495924,269.67
36,110.64659832,35.60495768,179.67
37,110.64659839,35.60494686,89.67
38,110.64693187,35.60494842,179.67
39,110.64693194,35.60493760,269.67
40,110.64659847,35.60493604,179.67
41,110.64659854,35.60492522,89.67
42,110.64693202,35.60492678,179.67
43,110.64693210,35.60491596,269.67
44,110.64659862,35.60491440,179.67
45,110.64659870,35.60490358,89.67
46,110.64693217,35.60490514,179.67
47,110.64693225,35.60489432,269.67
48,110.64659877,35.60489276,179.67
49,110.64659885,35.60488194,89.67
50,110.64693232,35.60488350,179.67
51,110.64693240,35.60487268,269.67
52,110.64659892,35.60487112,179.67
53,110.64659900,35.60486030,89.67
54,110.64693247,35.60486186,179.67
55,110.64693255,35.60485104,269.67
56,110.64659908,35.60484948,224.55
#bridge_10-11
57,110.64659798,35.60484858,179.98
58,110.64659802,35.60474805,89.80
#north_11_long_block
59,110.64708888,35.60474946,179.67
60,110.64709059,35.60450815,269.67
61,110.64707735,35.60450809,359.67
62,110.64707563,35.60474940,269.67
63,110.64706238,35.60474933,179.67
64,110.64706410,35.60450803,269.67
65,110.64705085,35.60450796,359.67
66,110.64704914,35.60474927,269.67
67,110.64703589,35.60474921,179.67
68,110.64703760,35.60450790,269.67
69,110.64702435,35.60450784,359.67
70,110.64702264,35.60474915,269.67
71,110.64700939,35.60474908,179.67
72,110.64701110,35.60450778,269.67
73,110.64699786,35.60450771,359.67
74,110.64699614,35.60474902,269.67
75,110.64698290,35.60474896,179.67
76,110.64698461,35.60450765,269.67
77,110.64697136,35.60450759,359.67
78,110.64696965,35.60474890,269.67
79,110.64695640,35.60474883,179.67
80,110.64695811,35.60450752,269.67
81,110.64694486,35.60450746,359.67
82,110.64694315,35.60474877,242.35
#north_11
83,110.64693313,35.60474450,269.68
84,110.64659916,35.60474300,179.69
85,110.64659923,35.60473218,89.68
86,110.64693321,35.60473368,179.69
87,110.64693328,35.60472286,269.68
88,110.64659931,35.60472136,179.69
89,110.64659938,35.60471055,89.68
90,110.64693335,35.60471204,179.69
91,110.64693342,35.60470123,269.68
92,110.64659945,35.60469973,179.69
93,110.64659952,35.60468891,89.68
94,110.64693350,35.60469041,179.69
95,110.64693357,35.60467959,269.68
96,110.64659960,35.60467809,179.69
97,110.64659967,35.60466727,89.68
98,110.64693364,35.60466877,179.69
99,110.64693372,35.60465795,269.68
100,110.64659974,35.60465645,179.69
101,110.64659982,35.60464563,89.68
102,110.64693379,35.60464713,179.69
103,110.64693386,35.60463631,269.68
104,110.64659989,35.60463481,179.69
105,110.64659996,35.60462399,89.68
106,110.64693393,35.60462549,179.69
107,110.64693401,35.60461467,269.68
108,110.64660003,35.60461317,179.69
109,110.64660011,35.60460235,89.68
110,110.64693408,35.60460385,179.69
111,110.64693415,35.60459303,269.68
112,110.64660018,35.60459153,179.69
113,110.64660025,35.60458071,89.68
114,110.64693423,35.60458221,179.69
115,110.64693430,35.60457139,269.68
116,110.64660033,35.60456989,179.69
117,110.64660040,35.60455907,89.68
118,110.64693437,35.60456057,179.69
119,110.64693444,35.60454975,269.68
120,110.64660047,35.60454825,179.69
121,110.64660054,35.60453743,89.68
122,110.64693452,35.60453893,179.69
123,110.64693459,35.60452811,269.68
124,110.64660062,35.60452661,179.86
#north_12
125,110.64660094,35.60442093,89.65
126,110.64709335,35.60442336,179.65
127,110.64709341,35.60441494,269.65
128,110.64660100,35.60441251,179.65
129,110.64660108,35.60440169,89.65
130,110.64709349,35.60440412,179.65
131,110.64709357,35.60439330,269.65
132,110.64660116,35.60439087,179.65
133,110.64660124,35.60438005,89.65
134,110.64709365,35.60438248,179.65
135,110.64709373,35.60437166,269.65
136,110.64660132,35.60436923,179.65
137,110.64660140,35.60435841,89.65
138,110.64709381,35.60436085,179.65
139,110.64709389,35.60435003,269.65
140,110.64660148,35.60434759,179.65
141,110.64660156,35.60433677,89.65
142,110.64709397,35.60433921,179.65
143,110.64709405,35.60432839,269.65
144,110.64660164,35.60432595,179.65
145,110.64660172,35.60431513,89.65
146,110.64709413,35.60431757,179.65
147,110.64709421,35.60430675,269.65
148,110.64660180,35.60430431,179.65
149,110.64660188,35.60429349,89.65
150,110.64709429,35.60429593,269.52
#bridge_12-13b
151,110.64660078,35.60429259,180.36
152,110.64660054,35.60425996,89.95
#north_13_long_block
153,110.64709130,35.60426030,179.81
154,110.64709183,35.60413336,269.80
155,110.64707858,35.60413333,359.81
156,110.64707805,35.60426027,269.80
157,110.64706480,35.60426023,179.81
158,110.64706533,35.60413329,269.80
159,110.64705208,35.60413325,359.81
160,110.64705156,35.60426019,269.80
161,110.64703831,35.60426016,179.81
162,110.64703883,35.60413322,269.80
163,110.64702559,35.60413318,359.81
164,110.64702506,35.60426012,269.80
165,110.64701181,35.60426008,179.81
166,110.64701234,35.60413314,269.80
167,110.64699909,35.60413311,359.81
168,110.64699856,35.60426005,269.80
169,110.64698531,35.60426001,179.81
170,110.64698584,35.60413307,269.80
171,110.64697259,35.60413303,359.81
172,110.64697207,35.60425997,269.80
173,110.64695882,35.60425994,179.81
174,110.64695934,35.60413299,269.80
175,110.64694610,35.60413296,359.81
176,110.64694557,35.60425990,262.90
#north_13
177,110.64693575,35.60425890,270.03
178,110.64660164,35.60425906,180.03
179,110.64660163,35.60424974,90.03
180,110.64693574,35.60424959,180.03
181,110.64693574,35.60423877,270.03
182,110.64660163,35.60423892,180.03
183,110.64660162,35.60422810,90.03
184,110.64693573,35.60422795,180.03
185,110.64693572,35.60421713,270.03
186,110.64660161,35.60421728,180.03
187,110.64660160,35.60420647,90.03
188,110.64693571,35.60420631,180.03
189,110.64693571,35.60419549,270.03
190,110.64660160,35.60419565,180.03
191,110.64660159,35.60418483,90.03
192,110.64693570,35.60418467,180.03
193,110.64693569,35.60417385,270.03
194,110.64660158,35.60417401,180.03
195,110.64660157,35.60416319,90.03
196,110.64693568,35.60416303,180.03
197,110.64693568,35.60415221,270.03
198,110.64660157,35.60415237,179.80
#north_14
199,110.64660205,35.60404211,89.99
200,110.64709411,35.60404216,179.99
201,110.64709411,35.60403609,269.99
202,110.64660205,35.60403604,179.99
203,110.64660205,35.60402522,89.99
204,110.64709411,35.60402527,179.99
205,110.64709411,35.60401445,269.99
206,110.64660205,35.60401440,179.99
207,110.64660205,35.60400358,89.99
208,110.64709412,35.60400363,179.99
209,110.64709412,35.60399281,269.99
210,110.64660205,35.60399276,179.99
211,110.64660206,35.60398194,89.99
212,110.64709412,35.60398199,179.99
213,110.64709412,35.60397117,269.99
214,110.64660206,35.60397112,179.99
215,110.64660206,35.60396030,89.99
216,110.64709412,35.60396036,179.99
217,110.64709412,35.60394954,269.99
218,110.64660206,35.60394948,179.99
219,110.64660206,35.60393866,89.99
220,110.64709413,35.60393872,179.99
221,110.64709413,35.60392790,269.99
222,110.64660206,35.60392784,179.99
223,110.64660207,35.60391702,89.99
224,110.64709413,35.60391708,179.99
225,110.64709413,35.60390626,269.99
226,110.64660207,35.60390620,179.99
227,110.64660207,35.60389538,89.99
228,110.64709413,35.60389544,179.99
229,110.64709414,35.60388462,269.99
230,110.64660207,35.60388456,179.99
231,110.64660207,35.60387374,89.99
232,110.64709414,35.60387380,179.99
233,110.64709414,35.60386298,269.99
234,110.64660208,35.60386293,224.87
#bridge_14-15b
235,110.64660097,35.60386202,178.52
236,110.64660206,35.60382761,89.93
#north_15_long_block
237,110.64709278,35.60382812,179.77
238,110.64709368,35.60364933,269.76
239,110.64708043,35.60364928,359.77
240,110.64707953,35.60382808,269.76
241,110.64706628,35.60382803,179.77
242,110.64706718,35.60364924,269.76
243,110.64705393,35.60364919,359.77
244,110.64705303,35.60382799,269.76
245,110.64703978,35.60382794,179.77
246,110.64704068,35.60364915,269.76
247,110.64702744,35.60364911,359.77
248,110.64702654,35.60382790,269.76
249,110.64701329,35.60382785,179.77
250,110.64701419,35.60364906,269.76
251,110.64700094,35.60364902,359.77
252,110.64700004,35.60382781,269.76
253,110.64698679,35.60382777,179.77
254,110.64698769,35.60364897,269.76
255,110.64697444,35.60364893,359.77
256,110.64697354,35.60382772,269.76
257,110.64696030,35.60382768,179.77
258,110.64696119,35.60364888,269.76
259,110.64694795,35.60364884,359.77
260,110.64694705,35.60382763,268.32
#north_15
261,110.64693674,35.60382739,269.86
262,110.64660317,35.60382671,179.86
263,110.64660319,35.60381993,89.86
264,110.64693677,35.60382061,179.86
265,110.64693680,35.60380979,269.86
266,110.64660323,35.60380911,179.86
267,110.64660326,35.60379829,89.86
268,110.64693683,35.60379897,179.86
269,110.64693686,35.60378815,269.86
270,110.64660329,35.60378747,179.86
271,110.64660332,35.60377665,89.86
272,110.64693690,35.60377733,179.86
273,110.64693693,35.60376651,269.86
274,110.64660336,35.60376583,179.86
275,110.64660339,35.60375501,89.86
276,110.64693696,35.60375569,179.86
277,110.64693700,35.60374487,269.86
278,110.64660342,35.60374419,179.86
279,110.64660346,35.60373337,89.86
280,110.64693703,35.60373405,179.86
281,110.64693706,35.60372323,269.86
282,110.64660349,35.60372255,179.86
283,110.64660352,35.60371173,89.86
284,110.64693710,35.60371241,179.86
285,110.64693713,35.60370159,269.86
286,110.64660356,35.60370091,179.86
287,110.64660359,35.60369009,89.86
288,110.64693716,35.60369077,179.86
289,110.64693720,35.60367995,269.86
290,110.64660362,35.60367927,179.86
291,110.64660366,35.60366845,89.86
292,110.64693723,35.60366913,269.86
293,110.64660366,35.60366845,269.86
